target_line,group_id,point_id,q1,q2,q3,q4,q5,q6,is_discontinuous,is_task_waypoint,source_point_id,waypoint_kind,speed,base_normal_error_mm,base_x_actual_mm,standoff_mm,base_height_mm,lift_mm
1,132,1,-1.5708,-1.5708,1.5708,-1.5708,-1.5708,0,0,0,,home,30,0,-1610,30,652,0
1,132,2,-1.590856823,-1.465405138,1.474503968,-1.580182542,-1.572625147,-0.019188668,0,0,,transition,10,0,-1610,30,652,0
1,132,3,-1.610913646,-1.360010276,1.378207936,-1.589565085,-1.574450295,-0.038377336,0,0,,transition,10,0,-1610,30,652,0
1,132,4,-1.630970469,-1.254615414,1.281911905,-1.598947627,-1.576275442,-0.057566005,0,0,,transition,10,0,-1610,30,652,0
1,132,5,-1.651027292,-1.149220553,1.185615872,-1.60833017,-1.57810059,-0.076754673,0,0,,transition,10,0,-1610,30,652,0
1,132,6,-1.671084115,-1.043825691,1.08931984,-1.617712712,-1.579925737,-0.095943341,0,0,,transition,10,0,-1610,30,652,0
1,132,7,-1.691140938,-0.938430829,0.993023808,-1.627095255,-1.581750884,-0.115132009,0,0,,transition,10,0,-1610,30,652,0
1,132,8,-1.711197761,-0.833035967,0.896727776,-1.636477797,-1.583576031,-0.134320677,0,0,,transition,10,0,-1610,30,652,0
1,132,9,-1.731254584,-0.727641105,0.800431745,-1.645860339,-1.585401179,-0.153509345,0,0,,transition,10,0,-1610,30,652,0
1,132,10,-1.751311407,-0.622246243,0.704135713,-1.655242882,-1.587226326,-0.172698014,0,0,,transition,10,0,-1610,30,652,0
1,132,11,-1.77136823,-0.516851381,0.607839681,-1.664625424,-1.589051474,-0.191886682,0,0,,transition,10,0,-1610,30,652,0
1,132,12,-1.791425054,-0.411456519,0.511543649,-1.674007967,-1.590876621,-0.21107535,0,0,,transition,10,0,-1610,30,652,0
1,132,13,-1.811481876,-0.306061657,0.415247617,-1.683390509,-1.592701769,-0.230264018,0,0,,transition,10,0,-1610,30,652,0
1,132,14,-1.831538699,-0.200666796,0.318951585,-1.692773052,-1.594526916,-0.249452686,0,0,,transition,10,0,-1610,30,652,0
1,132,15,-1.851595522,-0.095271934,0.222655553,-1.702155594,-1.596352064,-0.268641355,0,0,,transition,10,0,-1610,30,652,0
1,132,16,-1.871652345,0.010122928,0.126359521,-1.711538136,-1.598177211,-0.287830023,0,0,,transition,10,0,-1610,30,652,0
1,132,17,-1.891709169,0.11551779,0.030063489,-1.720920679,-1.600002359,-0.307018691,0,1,1,task,10,0,-1610,30,652,0
1,132,18,-1.893987686,0.069758089,0.131462089,-1.775879281,-1.599644539,-0.309293717,0,0,,transition,30,0,-1610,30,652,0
1,132,19,-1.896266202,0.023998388,0.232860689,-1.830837881,-1.59928672,-0.311568744,0,0,,transition,10,0,-1610,30,652,0
1,132,20,-1.898545615,-0.031096664,0.355589951,-1.897796949,-1.598925994,-0.313844804,0,1,2,task,10,0,-1610,30,652,0
1,132,21,-1.902133774,-0.077223578,0.459812797,-1.954877386,-1.598399662,-0.317427475,0,0,,transition,10,0,-1610,30,652,0
1,132,22,-1.905708501,-0.119408497,0.555472922,-2.007336875,-1.597873068,-0.32099672,0,1,3,task,10,0,-1610,30,652,0
1,132,23,-1.909191301,-0.15163752,0.629495101,-2.048234588,-1.598385242,-0.324482177,0,0,,transition,10,0,-1610,30,652,0
1,132,24,-1.912664476,-0.182875452,0.701403705,-2.088009432,-1.598897202,-0.327958007,0,1,4,task,10,0,-1610,30,652,0
1,132,25,-1.916098576,-0.209068208,0.762466561,-2.122094392,-1.60020241,-0.331401725,0,0,,transition,10,0,-1610,30,652,0
1,132,26,-1.919524993,-0.23483476,0.822644107,-2.155719748,-1.60150744,-0.33483774,0,1,5,task,10,0,-1610,30,652,0
1,132,27,-1.926694817,-0.279672134,0.928900691,-2.215614008,-1.604141664,-0.342028128,0,1,6,task,30,0,-1610,30,652,0
1,132,28,-1.934195023,-0.319511775,1.024853338,-2.270251349,-1.606800997,-0.349550434,0,1,7,task,30,0,-1610,30,652,0
1,132,29,-1.942202763,-0.355824268,1.112930511,-2.320116336,-1.608922648,-0.357572063,0,1,8,task,30,0,-1610,30,652,0
1,132,30,-1.950800756,-0.389510348,1.194799681,-2.365813338,-1.610342416,-0.366169785,0,1,9,task,30,0,-1610,30,652,0
1,132,31,-1.959816817,-0.420748272,1.271948788,-2.409279324,-1.61181265,-0.375183361,0,1,10,task,30,0,-1610,30,652,0
1,132,32,-1.969281492,-0.449891629,1.345196109,-2.450982776,-1.613336527,-0.384643295,0,1,11,task,30,0,-1610,30,652,0
1,132,33,-1.941789049,-0.449496741,1.345204873,-2.447874366,-1.614007305,-0.357117009,0,1,12,task,10,0,-1610,30,652,0
1,132,34,-1.933254166,-0.420060688,1.273127403,-2.409740989,-1.611606904,-0.348599613,0,1,13,task,30,0,-1610,30,652,0
1,132,35,-1.92511592,-0.388637884,1.197293203,-2.369891276,-1.609289516,-0.340471013,0,1,14,task,30,0,-1610,30,652,0
1,132,36,-1.9176754,-0.355202041,1.116366073,-2.326051908,-1.605858299,-0.333015044,0,1,15,task,30,0,-1610,30,652,0
1,132,37,-1.910867769,-0.319158588,1.029210223,-2.277770162,-1.601374122,-0.326175814,0,1,16,task,30,0,-1610,30,652,0
1,132,38,-1.904216976,-0.279459983,0.93442471,-2.225355986,-1.597482691,-0.319499287,0,1,17,task,30,0,-1610,30,652,0
1,132,39,-1.896726554,-0.234704834,0.827212639,-2.163810735,-1.598006056,-0.312013185,0,1,18,task,30,0,-1610,30,652,0
1,132,40,-1.89315012,-0.208924598,0.766463157,-2.129298021,-1.598275117,-0.308438785,0,0,,transition,10,0,-1610,30,652,0
1,132,41,-1.889565115,-0.182715121,0.70482192,-2.094322632,-1.598544056,-0.304855814,0,1,19,task,10,0,-1610,30,652,0
1,132,42,-1.886143411,-0.151344292,0.632145001,-2.053473603,-1.598819958,-0.301436028,0,0,,transition,10,0,-1610,30,652,0
1,132,43,-1.882711746,-0.118969286,0.557326265,-2.01148673,-1.599095755,-0.29800628,0,1,20,task,10,0,-1610,30,652,0
1,132,44,-1.879436077,-0.076386621,0.460395673,-1.957596321,-1.599378065,-0.294732421,0,0,,transition,10,0,-1610,30,652,0
1,132,45,-1.876147249,-0.029748376,0.354654464,-1.898950574,-1.599660295,-0.291445398,0,1,21,task,10,0,-1610,30,652,0
1,132,46,-1.863445854,0.010345879,0.265574462,-1.850013774,-1.59991817,-0.278740961,0,0,,transition,10,0,-1610,30,652,0
1,132,47,-1.850738069,0.063562449,0.147751946,-1.785456691,-1.600176047,-0.266030131,0,1,22,task,10,0,-1610,30,652,0
1,132,48,-1.853699343,-0.015605902,0.324764584,-1.88302472,-1.599975532,-0.268990717,0,0,,transition,10,0,-1610,30,652,0
1,132,49,-1.856643711,-0.073500197,0.455227105,-1.955316243,-1.599775004,-0.271934391,0,1,23,task,10,0,-1610,30,652,0
1,132,50,-1.859731726,-0.11207825,0.543609449,-2.004845603,-1.599577991,-0.275021683,0,0,,transition,10,0,-1610,30,652,0
1,132,51,-1.862808713,-0.148665709,0.627697495,-2.052070991,-1.599380937,-0.278097943,0,1,24,task,10,0,-1610,30,652,0
1,132,52,-1.866034,-0.177947838,0.696054202,-2.09087215,-1.59918764,-0.281322472,0,0,,transition,10,0,-1610,30,652,0
1,132,53,-1.869250355,-0.206561326,0.762999436,-2.128930274,-1.59899429,-0.284538066,0,1,25,task,10,0,-1610,30,652,0
1,132,54,-1.872622887,-0.230993004,0.821075688,-2.162303102,-1.598804948,-0.287909804,0,0,,transition,10,0,-1610,30,652,0
1,132,55,-1.87598747,-0.255101423,0.878489629,-2.195336706,-1.598615541,-0.291273591,0,1,26,task,10,0,-1610,30,652,0
1,132,56,-1.883040621,-0.297483185,0.98119934,-2.255124686,-1.598245212,-0.298325073,0,1,27,task,30,0,-1610,30,652,0
1,132,57,-1.890432296,-0.335369883,1.074808247,-2.310310981,-1.597883867,-0.305715,0,1,28,task,30,0,-1610,30,652,0
1,132,58,-1.898187141,-0.369750745,1.161527461,-2.362117872,-1.59753212,-0.313468011,0,1,29,task,30,0,-1610,30,652,0
1,132,59,-1.90318834,-0.401949475,1.236514363,-2.397268544,-1.608091447,-0.318533144,0,1,30,task,30,0,-1610,30,652,0
1,132,60,-1.909745705,-0.433201245,1.303284595,-2.418432317,-1.614169882,-0.325032239,0,1,31,task,30,0,-1610,30,652,0
1,132,61,-1.918555461,-0.462082423,1.376407896,-2.460597714,-1.614030928,-0.333815279,0,1,32,task,30,0,-1610,30,652,0
1,132,62,-1.909878789,-0.425984108,1.287757036,-2.408860626,-1.605394285,-0.325131224,0,0,,transition,10,0,-1610,30,652,0
1,132,63,-1.901178749,-0.38958829,1.198661647,-2.356972807,-1.59675682,-0.31642301,0,0,,transition,10,0,-1610,30,652,0
1,132,64,-1.892457419,-0.352855875,1.109012764,-2.304865039,-1.588118636,-0.307692768,0,0,,transition,10,0,-1610,30,652,0
1,132,65,-1.883716531,-0.315728277,1.018662707,-2.25244881,-1.579479824,-0.298942271,0,0,,transition,10,0,-1610,30,652,0
1,132,66,-1.874957523,-0.278118709,0.927405218,-2.199605167,-1.57084046,-0.290172986,0,0,,transition,10,0,-1610,30,652,0
1,132,67,-1.866181589,-0.239897001,0.834941589,-2.146166042,-1.562200611,-0.28138613,0,0,,transition,10,0,-1610,30,652,0
1,132,68,-1.857389711,-0.200861776,0.740819174,-2.091880599,-1.553560337,-0.272582699,0,1,33,task,10,0,-1610,30,652,0
1,132,69,-1.854396481,-0.171177467,0.671881892,-2.053295236,-1.553370817,-0.2695924,0,0,,transition,10,0,-1610,30,652,0
1,132,70,-1.851393322,-0.140724432,0.601316748,-2.013850861,-1.553180943,-0.266592179,0,1,34,task,10,0,-1610,30,652,0
1,132,71,-1.848529202,-0.102055306,0.51300475,-1.964875196,-1.55300122,-0.26373062,0,0,,transition,10,0,-1610,30,652,0
1,132,72,-1.845652349,-0.060861988,0.41923384,-1.912964995,-1.552821118,-0.260856334,0,1,35,task,10,0,-1610,30,652,0
1,132,73,-1.832739951,-0.016957845,0.320855241,-1.860416773,-1.552305303,-0.247948633,0,0,,transition,10,0,-1610,30,652,0
1,132,74,-1.819816958,0.037444004,0.199516107,-1.795405703,-1.551788534,-0.23503038,0,1,36,task,10,0,-1610,30,652,0
1,132,75,-1.822363426,-0.030558337,0.35161099,-1.878539808,-1.551991623,-0.237574394,0,0,,transition,10,0,-1610,30,652,0
1,132,76,-1.824892961,-0.084685725,0.473380977,-1.945224242,-1.552194272,-0.240101484,0,1,37,task,10,0,-1610,30,652,0
1,132,77,-1.827556082,-0.122106355,0.558902667,-1.992544727,-1.552374537,-0.242762238,0,0,,transition,10,0,-1610,30,652,0
1,132,78,-1.830207861,-0.157777037,0.640656758,-2.037847726,-1.552554446,-0.245411659,0,1,38,task,10,0,-1610,30,652,0
1,132,79,-1.832989023,-0.186619232,0.707707486,-2.075275324,-1.552744827,-0.24819003,0,0,,transition,10,0,-1610,30,652,0
1,132,80,-1.835761016,-0.214842851,0.773456577,-2.112019977,-1.552934861,-0.250959241,0,1,39,task,10,0,-1610,30,652,0
1,132,81,-1.813169794,-0.220611646,0.787267382,-2.122309369,-1.552221554,-0.228374033,0,1,40,task,10,0,-1610,30,652,0
1,132,82,-1.81064277,-0.192957137,0.722835872,-2.086476987,-1.552029662,-0.225849498,0,0,,transition,10,0,-1610,30,652,0
1,132,83,-1.808107097,-0.164733209,0.657209191,-2.05001897,-1.55183742,-0.223316324,0,1,41,task,10,0,-1610,30,652,0
1,132,84,-1.805716615,-0.130501548,0.579175039,-2.007828116,-1.551547226,-0.220929224,0,0,,transition,10,0,-1610,30,652,0
1,132,85,-1.80331597,-0.094785964,0.497952629,-1.963933061,-1.551256561,-0.218531984,0,1,42,task,10,0,-1610,30,652,0
1,132,86,-1.801041306,-0.045514985,0.387513879,-1.904756523,-1.550922251,-0.216259857,0,0,,transition,10,0,-1610,30,652,0
1,132,87,-1.798752286,0.012331319,0.258363034,-1.835443432,-1.55058742,-0.213973406,0,1,43,task,10,0,-1610,30,652,0
1,132,88,-1.790113367,-0.048687878,0.395576232,-1.911848989,-1.55053146,-0.205332895,0,0,,transition,10,0,-1610,30,652,0
1,132,89,-1.781461358,-0.100563413,0.512842326,-1.977451366,-1.550475414,-0.196679292,0,1,44,task,10,0,-1610,30,652,0
1,132,90,-1.783636522,-0.135520202,0.592527129,-2.020680086,-1.550701662,-0.198853088,0,0,,transition,10,0,-1610,30,652,0
1,132,91,-1.785802009,-0.169110167,0.669278922,-2.062342762,-1.550927522,-0.201017225,0,1,45,task,10,0,-1610,30,652,0
1,132,92,-1.788073049,-0.196837735,0.733422724,-2.097259823,-1.55116781,-0.203285898,0,0,,transition,10,0,-1610,30,652,0
1,132,93,-1.790336076,-0.224028939,0.796442406,-2.131589231,-1.55140768,-0.205546579,0,1,46,task,10,0,-1610,30,652,0
1,132,94,-1.768138418,-0.235230924,0.824294489,-2.151801474,-1.550750981,-0.183351025,0,1,47,task,10,0,-1610,30,652,0
1,132,95,-1.766094549,-0.209013786,0.763093947,-2.118022933,-1.55058955,-0.181307988,0,0,,transition,10,0,-1610,30,652,0
1,132,96,-1.764043084,-0.182337665,0.700937159,-2.083747247,-1.550427801,-0.179257369,0,1,48,task,10,0,-1610,30,652,0
1,132,97,-1.762088607,-0.150446482,0.627608348,-2.043513887,-1.550276403,-0.177303174,0,0,,transition,10,0,-1610,30,652,0
1,132,98,-1.760125159,-0.117473157,0.551967415,-2.002050699,-1.550124713,-0.17534002,0,1,49,task,10,0,-1610,30,652,0
1,132,99,-1.7582553,-0.074062791,0.453694316,-1.9483916,-1.549982708,-0.17346993,0,0,,transition,10,0,-1610,30,652,0
1,132,100,-1.756373356,-0.026173092,0.345681905,-1.889472744,-1.54984044,-0.171587764,0,1,50,task,10,0,-1610,30,652,0
1,132,101,-1.74687933,-0.068173924,0.440366174,-1.942163427,-1.549853114,-0.16209167,0,0,,transition,10,0,-1610,30,652,0
1,132,102,-1.737379447,-0.106582164,0.527233999,-1.99063038,-1.549865782,-0.152589717,0,1,51,task,10,0,-1610,30,652,0
1,132,103,-1.739092637,-0.140961773,0.606062557,-2.034073101,-1.549965452,-0.154303175,0,0,,transition,10,0,-1610,30,652,0
1,132,104,-1.740796865,-0.174062729,0.682150361,-2.076053886,-1.550064905,-0.156007675,0,1,52,task,10,0,-1610,30,652,0
1,132,105,-1.742587029,-0.201471234,0.746027267,-2.111515178,-1.550171758,-0.157797792,0,0,,transition,10,0,-1610,30,652,0
1,132,106,-1.744369708,-0.228366441,0.80882992,-2.146415646,-1.550278369,-0.159580432,0,1,53,task,10,0,-1610,30,652,0
1,132,107,-1.722220183,-0.244290472,0.846555905,-2.169805728,-1.550082705,-0.137426868,0,1,54,task,10,0,-1610,30,652,0
1,132,108,-1.720667383,-0.218772399,0.786556056,-2.136188253,-1.550011836,-0.135873872,0,0,,transition,10,0,-1610,30,652,0
1,132,109,-1.719107688,-0.192843283,0.725703628,-2.102129374,-1.549940776,-0.134313986,0,1,55,task,10,0,-1610,30,652,0
1,132,110,-1.717623999,-0.162110367,0.654599554,-2.062621488,-1.549875194,-0.132829913,0,0,,transition,10,0,-1610,30,652,0
1,132,111,-1.716132279,-0.130456767,0.58153495,-2.022073913,-1.54980944,-0.131337813,0,1,56,task,10,0,-1610,30,652,0
1,132,112,-1.71471393,-0.089710954,0.488804031,-1.970951079,-1.549748796,-0.129918905,0,0,,transition,10,0,-1610,30,652,0
1,132,113,-1.713285079,-0.045654101,0.388890532,-1.915956916,-1.549688008,-0.128489498,0,1,57,task,10,0,-1610,30,652,0
1,132,114,-1.709773347,-0.076368223,0.456428628,-1.948312606,-1.522657558,-0.125139997,0,0,,transition,10,0,-1610,30,652,0
1,132,115,-1.706249148,-0.105327017,0.52012181,-1.978613771,-1.495621482,-0.121771294,0,1,58,task,10,0,-1610,30,652,0
1,132,116,-1.707612846,-0.140229488,0.600327939,-2.02319022,-1.495717214,-0.123138133,0,0,,transition,10,0,-1610,30,652,0
1,132,117,-1.708966394,-0.173778921,0.677631501,-2.066217883,-1.495812715,-0.124494799,0,1,59,task,10,0,-1610,30,652,0
1,132,118,-1.710391625,-0.201434761,0.742296751,-2.102495996,-1.495912798,-0.125923173,0,0,,transition,10,0,-1610,30,652,0
1,132,119,-1.711808464,-0.228558685,0.805847595,-2.138192224,-1.496012641,-0.127343139,0,1,60,task,10,0,-1610,30,652,0
1,132,120,-1.713300074,-0.252073532,0.861783872,-2.169877962,-1.496117399,-0.128837892,0,0,,transition,10,0,-1610,30,652,0
1,132,121,-1.714784189,-0.275311104,0.917157443,-2.201278804,-1.496221904,-0.130325139,0,1,61,task,10,0,-1610,30,652,0
1,132,122,-1.689644558,-0.25114093,0.854168506,-2.163781366,-1.496026048,-0.105115926,0,1,62,task,10,0,-1610,30,652,0
1,132,123,-1.688466839,-0.225843661,0.794613389,-2.130341297,-1.495929864,-0.103935719,0,0,,transition,10,0,-1610,30,652,0
1,132,124,-1.687281583,-0.2001515,0.734241028,-2.09647942,-1.495833437,-0.102747962,0,1,63,task,10,0,-1610,30,652,0
1,132,125,-1.686156787,-0.169793801,0.663921706,-2.057332036,-1.495741338,-0.101620654,0,0,,transition,10,0,-1610,30,652,0
1,132,126,-1.685023199,-0.138566946,0.591754496,-2.017206563,-1.495649007,-0.100484537,0,1,64,task,10,0,-1610,30,652,0
1,132,127,-1.683948629,-0.098665148,0.500837096,-1.967001821,-1.495560724,-0.099407437,0,0,,transition,10,0,-1610,30,652,0
1,132,128,-1.682862593,-0.055772065,0.403437203,-1.913306718,-1.495472217,-0.098318845,0,1,65,task,10,0,-1610,30,652,0
1,132,129,-1.661764669,-0.10077589,0.500806916,-1.965470643,-1.49554154,-0.077160306,0,1,66,task,10,0,-1610,30,652,0
1,132,130,-1.662622642,-0.136766451,0.583078535,-2.010811166,-1.495626635,-0.078020193,0,0,,transition,10,0,-1610,30,652,0
1,132,131,-1.66347122,-0.171224065,0.662054636,-2.054389806,-1.495711498,-0.078870666,0,1,67,task,10,0,-1610,30,652,0
1,132,132,-1.664367219,-0.199463732,0.727664014,-2.090816441,-1.495800166,-0.079768517,0,0,,transition,10,0,-1610,30,652,0
1,132,133,-1.665255566,-0.227123934,0.792055562,-2.126605267,-1.495888591,-0.080658705,0,1,68,task,10,0,-1610,30,652,0
1,132,134,-1.666192748,-0.251046536,0.848531869,-2.158213148,-1.495981084,-0.081597674,0,0,,transition,10,0,-1610,30,652,0
1,132,135,-1.66712317,-0.274672919,0.90440448,-2.189514041,-1.496073319,-0.082529875,0,1,69,task,10,0,-1610,30,652,0
1,132,136,-1.642779645,-0.254148957,0.849384823,-2.154901157,-1.495970872,-0.058117971,0,1,70,task,10,0,-1610,30,652,0
1,132,137,-1.642138206,-0.228749608,0.790025777,-2.12208685,-1.495884535,-0.057475454,0,0,,transition,10,0,-1610,30,652,0
1,132,138,-1.64149009,-0.202948394,0.729834259,-2.088842419,-1.495797923,-0.056826255,0,1,71,task,10,0,-1610,30,652,0
1,132,139,-1.640876797,-0.172494127,0.6596979,-2.050299924,-1.495717606,-0.056211773,0,0,,transition,10,0,-1610,30,652,0
1,132,140,-1.640255661,-0.141154074,0.587677155,-2.010759402,-1.495637032,-0.055589437,0,1,72,task,10,0,-1610,30,652,0
1,132,141,-1.639670054,-0.101137384,0.496881357,-1.96111802,-1.495559758,-0.055002554,0,0,,transition,10,0,-1610,30,652,0
1,132,142,-1.639074147,-0.058058775,0.399447948,-1.907901709,-1.49548224,-0.054405351,0,1,73,task,10,0,-1610,30,652,0
1,132,143,-1.617357229,-0.086783968,0.45855391,-1.936545869,-1.495560568,-0.03262619,0,1,74,task,10,0,-1610,30,652,0
1,132,144,-1.617712393,-0.125252413,0.545643493,-1.983687747,-1.495630298,-0.032981938,0,0,,transition,10,0,-1610,30,652,0
1,132,145,-1.61805879,-0.161714978,0.628403995,-2.028507072,-1.495699738,-0.033328914,0,1,75,task,10,0,-1610,30,652,0
1,132,146,-1.618429996,-0.19128544,0.696702171,-2.06630233,-1.495767064,-0.033700762,0,0,,transition,10,0,-1610,30,652,0
1,132,147,-1.618794112,-0.2201591,0.763527545,-2.103322109,-1.495834171,-0.034065508,0,1,76,task,10,0,-1610,30,652,0
1,132,148,-1.619181905,-0.244918046,0.821612084,-2.135732115,-1.495903012,-0.034453917,0,0,,transition,10,0,-1610,30,652,0
1,132,149,-1.619563559,-0.269338528,0.879001637,-2.167786048,-1.495971626,-0.034836177,0,1,77,task,10,0,-1610,30,652,0
1,132,150,-1.595868812,-0.252559835,0.833879909,-2.14008781,-1.495748079,-0.011076166,0,1,78,task,10,0,-1610,30,652,0
1,132,151,-1.595754512,-0.22656097,0.773107381,-2.106049349,-1.495711237,-0.010961658,0,0,,transition,10,0,-1610,30,652,0
1,132,152,-1.595634111,-0.200121176,0.711417924,-2.071535339,-1.495674214,-0.010841038,0,1,79,task,10,0,-1610,30,652,0
1,132,153,-1.595525563,-0.168630102,0.638917978,-2.031261259,-1.49563784,-0.010732281,0,0,,transition,10,0,-1610,30,652,0
1,132,154,-1.595409709,-0.136119341,0.564242357,-1.989831735,-1.495601286,-0.010616204,0,1,80,task,10,0,-1610,30,652,0
1,132,155,-1.595307282,-0.093732584,0.468166932,-1.936877417,-1.495565358,-0.01051357,0,0,,transition,10,0,-1610,30,652,0
1,132,156,-1.595194939,-0.047363517,0.363440767,-1.879255412,-1.495529245,-0.010400997,0,1,81,task,10,0,-1610,30,652,0
1,132,157,-1.573256674,-0.060628791,0.388233187,-1.890335835,-1.495435467,0.011598927,0,1,82,task,10,0,-1610,30,652,0
1,132,158,-1.573127481,-0.104720357,0.488016254,-1.945421595,-1.495450557,0.011728398,0,0,,transition,10,0,-1610,30,652,0
1,132,159,-1.572989291,-0.145495359,0.580605448,-1.996630721,-1.495465492,0.011866889,0,1,83,task,10,0,-1610,30,652,0
1,132,160,-1.572852903,-0.1771909,0.653542464,-2.037266991,-1.495480245,0.012003563,0,0,,transition,10,0,-1610,30,652,0
1,132,161,-1.572709797,-0.207965222,0.724518321,-2.076863824,-1.495494851,0.01214697,0,1,84,task,10,0,-1610,30,652,0
1,132,162,-1.572566395,-0.233943047,0.785243695,-2.11100669,-1.495509243,0.012290665,0,0,,transition,10,0,-1610,30,652,0
1,132,163,-1.572417357,-0.259510149,0.845117577,-2.144709209,-1.495523489,0.012440007,0,1,85,task,10,0,-1610,30,652,0
1,132,164,-1.572292945,-0.360378599,0.900939301,-2.100562347,-1.501313989,0.011483084,0,0,,transition,10,0,-1610,30,652,0
1,132,165,-1.572168533,-0.461247049,0.956761026,-2.056415484,-1.50710449,0.01052616,0,0,,transition,10,0,-1610,30,652,0
1,132,166,-1.572044121,-0.562115499,1.012582751,-2.012268623,-1.512894992,0.009569236,0,0,,transition,10,0,-1610,30,652,0
1,132,167,-1.571919708,-0.662983949,1.068404477,-1.96812176,-1.518685492,0.008612313,0,0,,transition,10,0,-1610,30,652,0
1,132,168,-1.571795297,-0.7638524,1.124226201,-1.923974898,-1.524475993,0.007655389,0,0,,transition,10,0,-1610,30,652,0
1,132,169,-1.571670884,-0.86472085,1.180047926,-1.879828035,-1.530266493,0.006698465,0,0,,transition,10,0,-1610,30,652,0
1,132,170,-1.571546473,-0.9655893,1.235869651,-1.835681174,-1.536056995,0.005741542,0,0,,transition,10,0,-1610,30,652,0
1,132,171,-1.57142206,-1.06645775,1.291691376,-1.791534311,-1.541847496,0.004784618,0,0,,transition,10,0,-1610,30,652,0
1,132,172,-1.571297648,-1.1673262,1.347513101,-1.747387449,-1.547637996,0.003827695,0,0,,transition,10,0,-1610,30,652,0
1,132,173,-1.571173236,-1.268194649,1.403334826,-1.703240586,-1.553428497,0.002870771,0,0,,transition,10,0,-1610,30,652,0
1,132,174,-1.571048824,-1.3690631,1.45915655,-1.659093725,-1.559218999,0.001913847,0,0,,transition,10,0,-1610,30,652,0
1,132,175,-1.570924412,-1.46993155,1.514978275,-1.614946862,-1.565009499,0.000956924,0,0,,transition,10,0,-1610,30,652,0
1,132,176,-1.5708,-1.5708,1.5708,-1.5708,-1.5708,0,0,0,,home,30,0,-1610,30,652,0
1,133,1,-1.5708,-1.5708,1.5708,-1.5708,-1.5708,0,0,0,,home,30,0,-1610,30,652,0
1,133,2,-1.624961355,-1.473241273,1.524317465,-1.621580089,-1.574437917,-0.05311899,0,0,,transition,10,0,-1610,30,652,0
1,133,3,-1.67912271,-1.375682547,1.477834931,-1.672360178,-1.578075833,-0.106237981,0,0,,transition,10,0,-1610,30,652,0
1,133,4,-1.733284065,-1.27812382,1.431352395,-1.723140266,-1.58171375,-0.159356971,0,0,,transition,10,0,-1610,30,652,0
1,133,5,-1.78744542,-1.180565094,1.384869861,-1.773920355,-1.585351667,-0.212475962,0,0,,transition,10,0,-1610,30,652,0
1,133,6,-1.841606774,-1.083006367,1.338387326,-1.824700444,-1.588989584,-0.265594952,0,0,,transition,10,0,-1610,30,652,0
1,133,7,-1.895768129,-0.985447641,1.291904792,-1.875480533,-1.5926275,-0.318713942,0,0,,transition,10,0,-1610,30,652,0
1,133,8,-1.949929484,-0.887888914,1.245422256,-1.926260621,-1.596265416,-0.371832933,0,0,,transition,10,0,-1610,30,652,0
1,133,9,-2.004090839,-0.790330187,1.198939721,-1.97704071,-1.599903333,-0.424951923,0,0,,transition,10,0,-1610,30,652,0
1,133,10,-2.058252194,-0.692771461,1.152457187,-2.027820799,-1.603541249,-0.478070913,0,0,,transition,10,0,-1610,30,652,0
1,133,11,-2.112413549,-0.595212734,1.105974652,-2.078600888,-1.607179166,-0.531189904,0,0,,transition,10,0,-1610,30,652,0
1,133,12,-2.166574904,-0.497654008,1.059492118,-2.129380976,-1.610817083,-0.584308894,0,0,,transition,10,0,-1610,30,652,0
1,133,13,-2.220736259,-0.400095281,1.013009582,-2.180161065,-1.614454999,-0.637427885,0,0,,transition,10,0,-1610,30,652,0
1,133,14,-2.274897614,-0.302536554,0.966527048,-2.230941154,-1.618092916,-0.690546875,0,1,1,task,10,0,-1610,30,652,0
1,133,15,-2.289601821,-0.336038288,1.039233086,-2.260654042,-1.621460641,-0.705085146,0,1,2,task,30,0,-1610,30,652,0
1,133,16,-2.305104616,-0.368207068,1.114469503,-2.302651032,-1.624151144,-0.720601841,0,1,3,task,30,0,-1610,30,652,0
1,133,17,-2.317996884,-0.392299389,1.17177534,-2.335741311,-1.626249125,-0.733525559,0,1,4,task,30,0,-1610,30,652,0
1,133,18,-2.329474963,-0.424213015,1.245256095,-2.369225304,-1.626608872,-0.744674161,0,0,,transition,10,0,-1610,30,652,0
1,133,19,-2.340922364,-0.45590067,1.318401441,-2.402597915,-1.626961575,-0.755793034,0,0,,transition,10,0,-1610,30,652,0
1,133,20,-2.35233586,-0.487379175,1.391266096,-2.435896841,-1.627306374,-0.766879044,0,1,5,task,10,0,-1610,30,652,0
1,133,21,-2.333480813,-0.462726672,1.335278086,-2.411124469,-1.627610432,-0.748356222,0,1,6,task,30,0,-1610,30,652,0
1,133,22,-2.315312886,-0.436744229,1.276498329,-2.384901705,-1.628198762,-0.730490288,0,1,7,task,30,0,-1610,30,652,0
1,133,23,-2.298667598,-0.409215553,1.213674743,-2.354718926,-1.626019101,-0.714009148,0,1,8,task,30,0,-1610,30,652,0
1,133,24,-2.283064611,-0.379912989,1.1467823,-2.321615924,-1.622483702,-0.698493561,0,1,9,task,30,0,-1610,30,652,0
1,133,25,-2.267593046,-0.348828058,1.074847414,-2.284578179,-1.620675342,-0.683099771,0,1,10,task,30,0,-1610,30,652,0
1,133,26,-2.252524362,-0.315310624,0.997320115,-2.244131217,-1.6196177,-0.668100625,0,1,11,task,30,0,-1610,30,652,0
1,133,27,-2.237078717,-0.343086647,1.065136395,-2.280662935,-1.619987808,-0.652583201,0,1,12,task,10,0,-1610,30,652,0
1,133,28,-2.252246837,-0.37491052,1.140921874,-2.322938006,-1.620655763,-0.667716854,0,1,13,task,30,0,-1610,30,652,0
1,133,29,-2.267895142,-0.404448266,1.211363432,-2.361490685,-1.62187955,-0.683316831,0,1,14,task,30,0,-1610,30,652,0
1,133,30,-2.282847714,-0.432691999,1.27148772,-2.383234868,-1.627551922,-0.698029341,0,1,15,task,30,0,-1610,30,652,0
1,133,31,-2.300742753,-0.459087685,1.326383623,-2.39787502,-1.62547579,-0.715313178,0,1,16,task,30,0,-1610,30,652,0
1,133,32,-2.319325673,-0.48449589,1.381871034,-2.418262506,-1.623760405,-0.733394767,0,1,17,task,30,0,-1610,30,652,0
1,133,33,-2.338702285,-0.508884725,1.437876674,-2.444191092,-1.622211623,-0.752430036,0,1,18,task,30,0,-1610,30,652,0
1,133,34,-2.314665615,-0.519119982,1.465484029,-2.45871206,-1.620207929,-0.728318226,0,1,19,task,10,0,-1610,30,652,0
1,133,35,-2.295911608,-0.494726121,1.407058603,-2.427243111,-1.620572008,-0.709745564,0,1,20,task,30,0,-1610,30,652,0
1,133,36,-2.277931507,-0.468983365,1.345954155,-2.39444729,-1.621090409,-0.691938042,0,1,21,task,30,0,-1610,30,652,0
1,133,37,-2.260686546,-0.441738658,1.28183293,-2.360136052,-1.621754079,-0.674857628,0,1,22,task,30,0,-1610,30,652,0
1,133,38,-2.252585008,-0.411408279,1.234023921,-2.366364419,-1.5939823,-0.667474648,0,1,23,task,30,0,-1610,30,652,0
1,133,39,-2.238582241,-0.381708503,1.161477857,-2.322695892,-1.587423842,-0.653467311,0,1,24,task,30,0,-1610,30,652,0
1,133,40,-2.225159855,-0.349644451,1.084278562,-2.276921875,-1.580864595,-0.640064165,0,1,25,task,30,0,-1610,30,652,0
1,133,41,-2.212285522,-0.314746914,1.001375541,-2.228449755,-1.57430823,-0.627231007,0,1,26,task,30,0,-1610,30,652,0
1,133,42,-2.199929001,-0.276325834,0.911237743,-2.176428009,-1.567757854,-0.614935869,0,1,27,task,30,0,-1610,30,652,0
1,133,43,-2.187363154,-0.234059061,0.812117835,-2.120043351,-1.56389385,-0.60242142,0,1,28,task,30,0,-1610,30,652,0
1,133,44,-2.18096857,-0.210291232,0.75646298,-2.088743243,-1.563388081,-0.596039036,0,0,,transition,10,0,-1610,30,652,0
1,133,45,-2.174564029,-0.186196652,0.700137031,-2.057098692,-1.562881833,-0.589646704,0,1,29,task,10,0,-1610,30,652,0
1,133,46,-2.16841494,-0.157630134,0.6342048,-2.020328213,-1.562397058,-0.583508862,0,0,,transition,10,0,-1610,30,652,0
1,133,47,-2.16225395,-0.128349231,0.566760758,-1.982760252,-1.561911767,-0.577359131,0,1,30,task,10,0,-1610,30,652,0
1,133,48,-2.156338925,-0.090795858,0.481371646,-1.935527213,-1.561446993,-0.571454445,0,0,,transition,10,0,-1610,30,652,0
1,133,49,-2.150407939,-0.050806638,0.390714717,-1.885462206,-1.56098162,-0.56553381,0,1,31,task,10,0,-1610,30,652,0
1,133,50,-2.146619124,-0.008105564,0.295206781,-1.833061564,-1.560684637,-0.561751307,0,0,,transition,30,0,-1610,30,652,0
1,133,51,-2.142817149,0.045251089,0.176386617,-1.768004344,-1.56038724,-0.557955651,0,0,,transition,10,0,-1610,30,652,0
1,133,52,-2.138965225,0.07703418,0.105115963,-1.72892416,-1.560089,-0.554110044,0,1,32,task,10,0,-1610,30,652,0
1,133,53,-2.130385471,0.04764083,0.170945291,-1.765850805,-1.559674447,-0.545537488,0,0,,transition,10,0,-1610,30,652,0
1,133,54,-2.121758011,-0.005139099,0.288296486,-1.830913862,-1.559259184,-0.536917223,0,1,33,task,10,0,-1610,30,652,0
1,133,55,-2.127363139,-0.055615075,0.401790323,-1.893212412,-1.559742363,-0.542512209,0,0,,transition,10,0,-1610,30,652,0
1,133,56,-2.132949184,-0.100456892,0.503017315,-1.94887834,-1.56022487,-0.548088129,0,1,34,task,10,0,-1610,30,652,0
1,133,57,-2.138771677,-0.133276223,0.578077109,-1.990406891,-1.560729035,-0.553899418,0,0,,transition,10,0,-1610,30,652,0
1,133,58,-2.144581047,-0.164978347,0.650748334,-2.030664052,-1.561232644,-0.5596976,0,1,35,task,10,0,-1610,30,652,0
1,133,59,-2.150634731,-0.191075331,0.711330227,-2.06444526,-1.561758938,-0.565738967,0,0,,transition,10,0,-1610,30,652,0
1,133,60,-2.156677809,-0.216727716,0.77098627,-2.09774514,-1.562284715,-0.571769742,0,1,36,task,10,0,-1610,30,652,0
1,133,61,-2.169265268,-0.260899442,0.875114397,-2.1563123,-1.563383415,-0.584330246,0,1,37,task,30,0,-1610,30,652,0
1,133,62,-2.182219316,-0.300244051,0.967321698,-2.206653216,-1.5650691,-0.597233931,0,1,38,task,30,0,-1610,30,652,0
1,133,63,-2.195598797,-0.336088676,1.05103327,-2.25127417,-1.567203749,-0.610540568,0,1,39,task,30,0,-1610,30,652,0
1,133,64,-2.209528192,-0.368995327,1.128687607,-2.292827243,-1.569444659,-0.624386674,0,1,40,task,30,0,-1610,30,652,0
1,133,65,-2.224038041,-0.399484593,1.201436064,-2.331948758,-1.571797188,-0.638802345,0,1,41,task,30,0,-1610,30,652,0
1,133,66,-2.23875421,-0.428086548,1.267971887,-2.364226335,-1.575600947,-0.653333303,0,1,42,task,30,0,-1610,30,652,0
1,133,67,-2.250299615,-0.456869084,1.325326716,-2.380788188,-1.59183449,-0.664285615,0,1,43,task,30,0,-1610,30,652,0
1,133,68,-2.263769591,-0.484603258,1.386637892,-2.410550896,-1.603558088,-0.677457499,0,1,44,task,30,0,-1610,30,652,0
1,133,69,-2.279990233,-0.510401375,1.448530421,-2.446558984,-1.608675195,-0.693595645,0,1,45,task,30,0,-1610,30,652,0
1,133,70,-2.296954437,-0.534876194,1.507939606,-2.481587644,-1.613848779,-0.710487599,0,1,46,task,30,0,-1610,30,652,0
1,133,71,-2.274912025,-0.546947194,1.542577808,-2.503463692,-1.610934321,-0.688488601,0,1,47,task,10,0,-1610,30,652,0
1,133,72,-2.258582824,-0.52268559,1.483726751,-2.469161032,-1.604543333,-0.672257501,0,1,48,task,30,0,-1610,30,652,0
1,133,73,-2.243492794,-0.497128335,1.423570295,-2.436200753,-1.596625257,-0.65733976,0,1,49,task,30,0,-1610,30,652,0
1,133,74,-2.230555743,-0.470192749,1.364088566,-2.409077989,-1.583949018,-0.644766425,0,1,50,task,30,0,-1610,30,652,0
1,133,75,-2.216710787,-0.442784996,1.301918147,-2.380333029,-1.576140673,-0.631216029,0,1,51,task,30,0,-1610,30,652,0
1,133,76,-2.202324496,-0.414515117,1.236622844,-2.349698995,-1.572224265,-0.617040775,0,1,52,task,30,0,-1610,30,652,0
1,133,77,-2.188202066,-0.384638554,1.165550259,-2.312405611,-1.569534201,-0.603034624,0,1,53,task,30,0,-1610,30,652,0
1,133,78,-2.174648833,-0.352546997,1.089988539,-2.272877567,-1.566984696,-0.589581985,0,1,54,task,30,0,-1610,30,652,0
1,133,79,-2.161637026,-0.317797181,1.008978889,-2.2306177,-1.564559213,-0.576656383,0,1,55,task,30,0,-1610,30,652,0
1,133,80,-2.149013354,-0.279985754,0.920126716,-2.182577224,-1.562701191,-0.564089165,0,1,56,task,30,0,-1610,30,652,0
1,133,81,-2.136738524,-0.237971489,0.820638431,-2.126804068,-1.561483045,-0.551844561,0,1,57,task,30,0,-1610,30,652,0
1,133,82,-2.130849262,-0.213943921,0.76450438,-2.09555823,-1.560900646,-0.545968896,0,0,,transition,10,0,-1610,30,652,0
1,133,83,-2.124950123,-0.189581833,0.707682947,-2.063959434,-1.560317707,-0.540083372,0,1,58,task,10,0,-1610,30,652,0
1,133,84,-2.119291878,-0.160767365,0.641304299,-2.027265,-1.559760364,-0.53443729,0,0,,transition,10,0,-1610,30,652,0
1,133,85,-2.113621918,-0.131225478,0.573385862,-1.989758146,-1.559202464,-0.52877951,0,1,59,task,10,0,-1610,30,652,0
1,133,86,-2.108183419,-0.093478815,0.487676285,-1.942673132,-1.558668917,-0.523351808,0,0,,transition,10,0,-1610,30,652,0
1,133,87,-2.102729359,-0.053282874,0.396669691,-1.892740405,-1.558134757,-0.517908561,0,1,60,task,10,0,-1610,30,652,0
1,133,88,-2.083160123,-0.087407656,0.474739526,-1.939172373,-1.556652083,-0.49836501,0,1,61,task,10,0,-1610,30,652,0
1,133,89,-2.088440987,-0.122396254,0.554302719,-1.982620949,-1.557267913,-0.503634354,0,0,,transition,10,0,-1610,30,652,0
1,133,90,-2.093708426,-0.155956792,0.630799246,-2.024430916,-1.557883137,-0.508890294,0,1,62,task,10,0,-1610,30,652,0
1,133,91,-2.099201429,-0.183281061,0.693821675,-2.059012688,-1.5585269,-0.51436986,0,0,,transition,10,0,-1610,30,652,0
1,133,92,-2.104683735,-0.210076513,0.755735731,-2.093014834,-1.559170074,-0.519838751,0,1,63,task,10,0,-1610,30,652,0
1,133,93,-2.116110637,-0.25597611,0.863156289,-2.152324319,-1.560515965,-0.531234768,0,1,64,task,30,0,-1610,30,652,0
1,133,94,-2.128015466,-0.296339465,0.958950232,-2.205567219,-1.561924071,-0.543104473,0,1,65,task,30,0,-1610,30,652,0
1,133,95,-2.140247549,-0.332939436,1.045007351,-2.251356199,-1.564025809,-0.555271813,0,1,66,task,30,0,-1610,30,652,0
1,133,96,-2.152799138,-0.366851697,1.123478074,-2.290732205,-1.56690559,-0.567715729,0,1,67,task,30,0,-1610,30,652,0
1,133,97,-2.165874862,-0.398346939,1.197008732,-2.327652969,-1.569936018,-0.580662017,0,1,68,task,30,0,-1610,30,652,0
1,133,98,-2.17963242,-0.427887218,1.266918625,-2.363498465,-1.572694652,-0.594284648,0,1,69,task,30,0,-1610,30,652,0
1,133,99,-2.194036655,-0.45566957,1.333481459,-2.398013518,-1.575447043,-0.608541159,0,1,70,task,30,0,-1610,30,652,0
1,133,100,-2.208450533,-0.482309605,1.396953265,-2.430754567,-1.580358449,-0.622762239,0,1,71,task,30,0,-1610,30,652,0
1,133,101,-2.222370867,-0.508349619,1.457733126,-2.461760874,-1.588958421,-0.636435135,0,1,72,task,30,0,-1610,30,652,0
1,133,102,-2.236919849,-0.533160185,1.516227011,-2.49195379,-1.59770025,-0.650734498,0,1,73,task,30,0,-1610,30,652,0
1,133,103,-2.252189216,-0.557306305,1.574037414,-2.524226678,-1.606413148,-0.665838196,0,1,74,task,30,0,-1610,30,652,0
1,133,104,-2.232830163,-0.570464039,1.614751215,-2.552201419,-1.599720069,-0.646595303,0,1,75,task,10,0,-1610,30,652,0
1,133,105,-2.217248321,-0.547523006,1.558036715,-2.520916608,-1.592419626,-0.631211606,0,1,76,task,30,0,-1610,30,652,0
1,133,106,-2.202233063,-0.52355037,1.499322362,-2.488870218,-1.585710196,-0.616388791,0,1,77,task,30,0,-1610,30,652,0
1,133,107,-2.187900158,-0.49835062,1.438415857,-2.456049789,-1.579124477,-0.602245,0,1,78,task,30,0,-1610,30,652,0
1,133,108,-2.173514953,-0.472360047,1.374950668,-2.421673142,-1.574884222,-0.588013242,0,1,79,task,30,0,-1610,30,652,0
1,133,109,-2.159179676,-0.445310104,1.308536283,-2.385520276,-1.57269659,-0.573793893,0,1,80,task,30,0,-1610,30,652,0
1,133,110,-2.145469603,-0.416519815,1.238790225,-2.347827346,-1.570630393,-0.560188,0,1,81,task,30,0,-1610,30,652,0
1,133,111,-2.132554944,-0.385788337,1.166415688,-2.310920376,-1.567966143,-0.547400232,0,1,82,task,30,0,-1610,30,652,0
1,133,112,-2.12051603,-0.352979166,1.091864805,-2.276470766,-1.564230446,-0.535517317,0,1,83,task,30,0,-1610,30,652,0
1,133,113,-2.108762471,-0.317857127,1.010513643,-2.235883586,-1.561341533,-0.523859528,0,1,84,task,30,0,-1610,30,652,0
1,133,114,-2.097208508,-0.279643636,0.919742975,-2.186380399,-1.559569358,-0.512350262,0,1,85,task,30,0,-1610,30,652,0
1,133,115,-2.08612296,-0.236841263,0.819411057,-2.13193579,-1.557876805,-0.501302371,0,1,86,task,30,0,-1610,30,652,0
1,133,116,-2.080806029,-0.21240291,0.762808189,-2.101327722,-1.557068563,-0.496000905,0,0,,transition,10,0,-1610,30,652,0
1,133,117,-2.075479572,-0.187606368,0.705466469,-2.070338873,-1.556259654,-0.490689948,0,1,87,task,10,0,-1610,30,652,0
1,133,118,-2.070342334,-0.158201836,0.638031382,-2.033612862,-1.555608253,-0.485563035,0,0,,transition,10,0,-1610,30,652,0
1,133,119,-2.065193575,-0.12800651,0.568918353,-1.995999677,-1.554956262,-0.480424623,0,1,88,task,10,0,-1610,30,652,0
1,133,120,-2.043366089,-0.140235061,0.598302523,-2.016397529,-1.553382241,-0.458615021,0,1,89,task,10,0,-1610,30,652,0
1,133,121,-2.048359602,-0.169441518,0.665605817,-2.053514741,-1.553836891,-0.463603345,0,0,,transition,10,0,-1610,30,652,0
1,133,122,-2.053341796,-0.197964615,0.731465299,-2.089871549,-1.554291082,-0.468580366,0,1,90,task,10,0,-1610,30,652,0
1,133,123,-2.058544977,-0.222251172,0.788260194,-2.121405585,-1.554767845,-0.473777141,0,0,,transition,10,0,-1610,30,652,0
1,133,124,-2.063738423,-0.246213047,0.844389362,-2.152598574,-1.555244136,-0.478964198,0,1,91,task,10,0,-1610,30,652,0
1,133,125,-2.074326878,-0.288093913,0.942230354,-2.204578478,-1.557195221,-0.489517573,0,1,92,task,30,0,-1610,30,652,0
1,133,126,-2.085213648,-0.325646899,1.030101231,-2.249804955,-1.559787409,-0.500344434,0,1,93,task,30,0,-1610,30,652,0
1,133,127,-2.096268722,-0.360236155,1.108975881,-2.286268864,-1.56352138,-0.511278896,0,1,94,task,30,0,-1610,30,652,0
1,133,128,-2.107516374,-0.392928867,1.180761705,-2.315010805,-1.568309125,-0.522310356,0,1,95,task,30,0,-1610,30,652,0
1,133,129,-2.120249167,-0.423603807,1.254965825,-2.355862271,-1.569916919,-0.53496678,0,1,96,task,30,0,-1610,30,652,0
1,133,130,-2.133569843,-0.452279306,1.325303918,-2.394881915,-1.571621076,-0.548203181,0,1,97,task,30,0,-1610,30,652,0
1,133,131,-2.147516843,-0.479204121,1.392348998,-2.432398493,-1.573427524,-0.56205756,0,1,98,task,30,0,-1610,30,652,0
1,133,132,-2.16188664,-0.504784396,1.456507799,-2.468420192,-1.576103,-0.576315687,0,1,99,task,30,0,-1610,30,652,0
1,133,133,-2.176111972,-0.529718043,1.518084476,-2.502620412,-1.581439475,-0.590388674,0,1,100,task,30,0,-1610,30,652,0
1,133,134,-2.191039255,-0.553401844,1.577490574,-2.536051398,-1.586886426,-0.605159608,0,1,101,task,30,0,-1610,30,652,0
1,133,135,-2.206717387,-0.575919248,1.634949329,-2.568866935,-1.592448334,-0.620678254,0,1,102,task,30,0,-1610,30,652,0
1,133,136,-2.194048309,-0.591925669,1.669228782,-2.567338344,-1.569754171,-0.60772201,0,1,103,task,10,0,-1610,30,652,0
1,133,137,-2.175590171,-0.569852975,1.615336542,-2.543876385,-1.572308893,-0.589520984,0,1,104,task,30,0,-1610,30,652,0
1,133,138,-2.15883417,-0.54685292,1.559437403,-2.518562165,-1.572624031,-0.573019088,0,1,105,task,30,0,-1610,30,652,0
1,133,139,-2.142838754,-0.522770668,1.501554569,-2.492314894,-1.573238491,-0.557241464,0,1,106,task,30,0,-1610,30,652,0
1,133,140,-2.127963718,-0.497851952,1.439709444,-2.460162231,-1.572788142,-0.542504229,0,1,107,task,30,0,-1610,30,652,0
1,133,141,-2.114155347,-0.471802735,1.373590767,-2.422280637,-1.571200961,-0.528775849,0,1,108,task,30,0,-1610,30,652,0
1,133,142,-2.100988229,-0.444094069,1.304448833,-2.383067909,-1.56970552,-0.515682153,0,1,109,task,30,0,-1610,30,652,0
1,133,143,-2.088421332,-0.414515242,1.231786875,-2.342234073,-1.568296244,-0.503182476,0,1,110,task,30,0,-1610,30,652,0
1,133,144,-2.076416808,-0.382782327,1.154951642,-2.299406363,-1.566967936,-0.49123932,0,1,111,task,30,0,-1610,30,652,0
1,133,145,-2.067026977,-0.349501619,1.090103502,-2.288391107,-1.558305119,-0.482189167,0,1,112,task,30,0,-1610,30,652,0
1,133,146,-2.056560768,-0.31410183,1.00813445,-2.248850787,-1.555001338,-0.471788772,0,1,113,task,30,0,-1610,30,652,0
1,133,147,-2.045896464,-0.274844735,0.913645977,-2.195322282,-1.554172544,-0.461134956,0,1,114,task,30,0,-1610,30,652,0
1,133,148,-2.035683029,-0.230581292,0.808772258,-2.136422763,-1.553384047,-0.450930122,0,1,115,task,30,0,-1610,30,652,0
1,133,149,-2.030793467,-0.205082821,0.749217749,-2.103225477,-1.553008954,-0.44604397,0,0,,transition,10,0,-1610,30,652,0
1,133,150,-2.025893676,-0.179165709,0.688794313,-2.069577965,-1.552633463,-0.4411476,0,1,116,task,10,0,-1610,30,652,0
1,133,151,-2.023715595,-0.223292619,0.785508457,-2.098349301,-1.503763245,-0.439947463,0,1,117,task,10,0,-1610,30,652,0
1,133,152,-2.028688235,-0.246309233,0.839908987,-2.128836822,-1.504218194,-0.444918098,0,0,,transition,10,0,-1610,30,652,0
1,133,153,-2.033650522,-0.269072584,0.89379947,-2.159068084,-1.504672452,-0.449878393,0,1,118,task,10,0,-1610,30,652,0
1,133,154,-2.044026536,-0.309440136,0.990824894,-2.213919892,-1.505627521,-0.460248374,0,1,119,task,30,0,-1610,30,652,0
1,133,155,-2.054774758,-0.345764703,1.079035019,-2.263356289,-1.50698339,-0.470974007,0,1,120,task,30,0,-1610,30,652,0
1,133,156,-2.064021073,-0.379562266,1.153456817,-2.293201707,-1.515396762,-0.479891119,0,1,121,task,30,0,-1610,30,652,0
1,133,157,-2.07349333,-0.412021791,1.231225583,-2.337213646,-1.524571178,-0.489073895,0,1,122,task,30,0,-1610,30,652,0
1,133,158,-2.058007081,-0.436573457,1.290233288,-2.370082708,-1.514913439,-0.473850016,0,1,123,task,10,0,-1610,30,652,0
1,133,159,-2.046603809,-0.40629554,1.215604087,-2.328443342,-1.513022255,-0.462508002,0,1,124,task,30,0,-1610,30,652,0
1,133,160,-2.035827176,-0.373986986,1.137373568,-2.286049928,-1.510825044,-0.451805092,0,1,125,task,30,0,-1610,30,652,0
1,133,161,-2.025750234,-0.339621295,1.055733545,-2.244090962,-1.507895195,-0.441829289,0,1,126,task,30,0,-1610,30,652,0
1,133,162,-2.016094826,-0.302130931,0.967712927,-2.198881933,-1.505095119,-0.43225698,0,1,127,task,30,0,-1610,30,652,0
1,133,163,-2.006390777,-0.260194214,0.867590076,-2.142666345,-1.504116038,-0.422560873,0,1,128,task,30,0,-1610,30,652,0
1,133,164,-2.001750688,-0.23639983,0.811607612,-2.111457076,-1.503649887,-0.417923621,0,0,,transition,10,0,-1610,30,652,0
1,133,165,-1.997100105,-0.212305505,0.75501465,-2.079937791,-1.503183035,-0.413275887,0,1,129,task,10,0,-1610,30,652,0
1,133,166,-1.979974293,-0.252765692,0.844609338,-2.127507787,-1.503799865,-0.396080069,0,1,130,task,10,0,-1610,30,652,0
1,133,167,-1.988853194,-0.296018652,0.946150858,-2.182317348,-1.505479973,-0.404923369,0,1,131,task,30,0,-1610,30,652,0
1,133,168,-1.998128311,-0.334760592,1.038352016,-2.232300405,-1.50723363,-0.414155793,0,1,132,task,30,0,-1610,30,652,0
1,133,169,-2.00782587,-0.370031687,1.123515967,-2.278721234,-1.509065723,-0.423803044,0,1,133,task,30,0,-1610,30,652,0
1,133,170,-2.017974322,-0.402638261,1.203229166,-2.322421207,-1.510979017,-0.43389357,0,1,134,task,30,0,-1610,30,652,0
1,133,171,-2.028605755,-0.43357428,1.278853274,-2.364001502,-1.512965054,-0.4444618,0,1,135,task,30,0,-1610,30,652,0
1,133,172,-2.010393265,-0.460988805,1.342349521,-2.398815182,-1.513347016,-0.426179159,0,1,136,task,10,0,-1610,30,652,0
1,133,173,-2.000048552,-0.431512524,1.269937301,-2.35954977,-1.511098361,-0.415911724,0,1,137,task,30,0,-1610,30,652,0
1,133,174,-1.990128043,-0.400246742,1.19348625,-2.317761297,-1.509132607,-0.40605104,0,1,138,task,30,0,-1610,30,652,0
1,133,175,-1.980521846,-0.367149355,1.11185146,-2.271888271,-1.507730898,-0.396478057,0,1,139,task,30,0,-1610,30,652,0
1,133,176,-1.971349854,-0.331076879,1.024338347,-2.223106949,-1.50639277,-0.387334609,0,1,140,task,30,0,-1610,30,652,0
1,133,177,-1.962584004,-0.291285147,0.929283873,-2.170497962,-1.505113984,-0.378592993,0,1,141,task,30,0,-1610,30,652,0
1,133,178,-1.954198536,-0.246594833,0.824077566,-2.112629786,-1.503890652,-0.370227776,0,1,142,task,30,0,-1610,30,652,0
1,133,179,-1.934920112,-0.276369305,0.888849589,-2.146347109,-1.504270266,-0.350880961,0,1,143,task,10,0,-1610,30,652,0
1,133,180,-1.943046963,-0.318259467,0.988601872,-2.202031266,-1.505258482,-0.358994652,0,1,144,task,30,0,-1610,30,652,0
1,133,181,-1.951552551,-0.355954792,1.079786977,-2.25333265,-1.506293435,-0.367484421,0,1,145,task,30,0,-1610,30,652,0
1,133,182,-1.960463364,-0.390362187,1.164424893,-2.301364245,-1.507378576,-0.376376516,0,1,146,task,30,0,-1610,30,652,0
1,133,183,-1.969781888,-0.422139787,1.243738247,-2.346529687,-1.508606865,-0.385669417,0,1,147,task,30,0,-1610,30,652,0
1,133,184,-1.979183368,-0.452603869,1.31724456,-2.38499355,-1.511142572,-0.394985558,0,1,148,task,30,0,-1610,30,652,0
1,133,185,-1.960418714,-0.482257862,1.383530589,-2.417160117,-1.513018896,-0.376078554,0,1,149,task,10,0,-1610,30,652,0
1,133,186,-1.951481593,-0.453146598,1.314071304,-2.382998643,-1.509744379,-0.367268487,0,1,150,task,30,0,-1610,30,652,0
1,133,187,-1.942801186,-0.422531081,1.24043152,-2.345131428,-1.507122164,-0.358673929,0,1,151,task,30,0,-1610,30,652,0
1,133,188,-1.934062405,-0.390455284,1.16000787,-2.298687309,-1.506194233,-0.34994783,0,1,152,task,30,0,-1610,30,652,0
1,133,189,-1.925733726,-0.355615462,1.074244452,-2.249653579,-1.505311144,-0.341629713,0,1,153,task,30,0,-1610,30,652,0
1,133,190,-1.917787403,-0.317388029,0.981733756,-2.197246739,-1.50446967,-0.333692023,0,1,154,task,30,0,-1610,30,652,0
1,133,191,-1.910198098,-0.274814374,0.880340944,-2.140290994,-1.503666872,-0.326109595,0,1,155,task,30,0,-1610,30,652,0
1,133,192,-1.889186954,-0.295440258,0.924602585,-2.164208341,-1.50333073,-0.305049926,0,1,156,task,10,0,-1610,30,652,0
1,133,193,-1.896392469,-0.336272879,1.022565874,-2.219697649,-1.504011914,-0.312252246,0,1,157,task,30,0,-1610,30,652,0
1,133,194,-1.903943398,-0.373178532,1.112594026,-2.271164119,-1.504726777,-0.31979875,0,1,158,task,30,0,-1610,30,652,0
1,133,195,-1.911864837,-0.406961865,1.196489202,-2.319604601,-1.505477963,-0.3277144,0,1,159,task,30,0,-1610,30,652,0
1,133,196,-1.920184333,-0.438158536,1.275471242,-2.365702593,-1.506268387,-0.336026596,0,1,160,task,30,0,-1610,30,652,0
1,133,197,-1.927779564,-0.468633973,1.344294458,-2.394309205,-1.510866505,-0.34344892,0,1,161,task,30,0,-1610,30,652,0
1,133,198,-1.916379198,-0.433409476,1.257963992,-2.34637198,-1.509415058,-0.332072509,0,0,,transition,10,0,-1610,30,652,0
1,133,199,-1.904936911,-0.397884801,1.171178837,-2.29828147,-1.50795866,-0.320654467,0,0,,transition,10,0,-1610,30,652,0
1,133,200,-1.893457232,-0.362019809,1.083829187,-2.249967894,-1.506497903,-0.309199289,0,0,,transition,10,0,-1610,30,652,0
1,133,201,-1.881944038,-0.325754821,0.995766008,-2.201341812,-1.505033294,-0.297710819,0,0,,transition,10,0,-1610,30,652,0
1,133,202,-1.870400656,-0.289001778,0.906781007,-2.15228291,-1.503565273,-0.28619236,0,0,,transition,10,0,-1610,30,652,0
1,133,203,-1.858829963,-0.251628896,0.816572463,-2.102621184,-1.502094223,-0.274646765,0,1,162,task,10,0,-1610,30,652,0
1,133,204,-1.855792031,-0.224931055,0.754398868,-2.067863229,-1.501833595,-0.271608195,0,0,,transition,10,0,-1610,30,652,0
1,133,205,-1.852743861,-0.197778366,0.691281499,-2.03261698,-1.501572427,-0.268559386,0,1,163,task,10,0,-1610,30,652,0
1,133,206,-1.849838377,-0.165084922,0.616269202,-1.991009269,-1.501323298,-0.265652972,0,0,,transition,10,0,-1610,30,652,0
1,133,207,-1.846920625,-0.131282318,0.538890522,-1.948145119,-1.501073593,-0.26273428,0,1,164,task,10,0,-1610,30,652,0
1,133,208,-1.844140698,-0.085962863,0.436502477,-1.891781238,-1.500835222,-0.259953161,0,0,,transition,10,0,-1610,30,652,0
1,133,209,-1.841343706,-0.035557537,0.323054358,-1.829444286,-1.500596162,-0.257154956,0,1,165,task,10,0,-1610,30,652,0
1,133,210,-1.826017549,-0.066456243,0.391590775,-1.868440404,-1.477809093,-0.242259357,0,1,166,task,10,0,-1610,30,652,0
1,133,211,-1.828676682,-0.110483076,0.491444824,-1.92392371,-1.477989913,-0.244926326,0,0,,transition,10,0,-1610,30,652,0
1,133,212,-1.831319739,-0.151418457,0.584603546,-1.975804587,-1.47817019,-0.247577164,0,1,167,task,10,0,-1610,30,652,0
1,133,213,-1.834096303,-0.183120383,0.657781491,-2.016927395,-1.478356736,-0.250361806,0,0,,transition,10,0,-1610,30,652,0
1,133,214,-1.836860697,-0.21396922,0.729150792,-2.057095723,-1.478542832,-0.253134239,0,1,168,task,10,0,-1610,30,652,0
1,133,215,-1.839763964,-0.239954797,0.790134145,-2.091730285,-1.478735618,-0.256045839,0,0,,transition,10,0,-1610,30,652,0
1,133,216,-1.842656825,-0.265559931,0.850334879,-2.12596357,-1.478927986,-0.258947002,0,1,169,task,10,0,-1610,30,652,0
1,133,217,-1.819683939,-0.272728696,0.86202695,-2.13255611,-1.478330768,-0.235884139,0,1,170,task,10,0,-1610,30,652,0
1,133,218,-1.817052237,-0.24744126,0.802571596,-2.098773803,-1.478107002,-0.233245631,0,0,,transition,10,0,-1610,30,652,0
1,133,219,-1.814410563,-0.221794587,0.742379542,-2.064614892,-1.477882849,-0.230597122,0,1,171,task,10,0,-1610,30,652,0
1,133,220,-1.811896326,-0.191518449,0.672313161,-2.025201267,-1.477664918,-0.228076289,0,0,,transition,10,0,-1610,30,652,0
1,133,221,-1.80937051,-0.160459558,0.600591146,-1.98491578,-1.477446576,-0.225543842,0,1,172,task,10,0,-1610,30,652,0
1,133,222,-1.806967119,-0.120856975,0.510399654,-1.934694948,-1.477234063,-0.223134065,0,0,,transition,10,0,-1610,30,652,0
1,133,223,-1.804548674,-0.078612915,0.414496614,-1.8814054,-1.477021066,-0.220709182,0,1,173,task,10,0,-1610,30,652,0
1,133,224,-1.783348634,-0.088534188,0.433294395,-1.893741184,-1.474545169,-0.199460407,0,1,174,task,10,0,-1610,30,652,0
1,133,225,-1.785335618,-0.129169656,0.525206641,-1.944114781,-1.475557522,-0.20143646,0,0,,transition,10,0,-1610,30,652,0
1,133,226,-1.787309203,-0.167499022,0.612139109,-1.991815769,-1.47656938,-0.20339908,0,1,175,task,10,0,-1610,30,652,0
1,133,227,-1.789561564,-0.198105206,0.682750103,-2.031348084,-1.476889904,-0.205655231,0,0,,transition,10,0,-1610,30,652,0
1,133,228,-1.791802955,-0.227974553,0.751805198,-2.070062284,-1.477210039,-0.207900379,0,1,176,task,10,0,-1610,30,652,0
1,133,229,-1.79415882,-0.253389793,0.811365097,-2.103727512,-1.477536507,-0.210260108,0,0,,transition,10,0,-1610,30,652,0
1,133,230,-1.796505204,-0.27845963,0.87021819,-2.137032133,-1.477862603,-0.21261033,0,1,177,task,10,0,-1610,30,652,0
1,133,231,-1.773735406,-0.289135612,0.889322804,-2.14638411,-1.477682128,-0.189739885,0,1,178,task,10,0,-1610,30,652,0
1,133,232,-1.771738952,-0.264795384,0.832741888,-2.115422228,-1.476967269,-0.187748319,0,0,,transition,10,0,-1610,30,652,0
1,133,233,-1.769734085,-0.240147756,0.775535747,-2.084143139,-1.476251907,-0.185748339,0,1,179,task,10,0,-1610,30,652,0
1,133,234,-1.767923256,-0.211541318,0.709655349,-2.047861153,-1.475156187,-0.183949059,0,0,,transition,10,0,-1610,30,652,0
1,133,235,-1.766102896,-0.182316408,0.642475479,-2.010898856,-1.47406006,-0.182140231,0,1,180,task,10,0,-1610,30,652,0
1,133,236,-1.764365395,-0.146260909,0.560502575,-1.965914935,-1.472997618,-0.180413329,0,0,,transition,10,0,-1610,30,652,0
1,133,237,-1.762615744,-0.108457367,0.474768564,-1.918918931,-1.471934757,-0.178674243,0,1,181,task,10,0,-1610,30,652,0
1,133,238,-1.738411998,-0.104185558,0.454257995,-1.905157076,-1.479114299,-0.154241549,0,1,182,task,10,0,-1610,30,652,0
1,133,239,-1.740111309,-0.143364175,0.542893683,-1.953478461,-1.479267633,-0.155945576,0,0,,transition,10,0,-1610,30,652,0
1,133,240,-1.741798293,-0.180529622,0.627189362,-1.999474102,-1.4794205,-0.157637246,0,1,183,task,10,0,-1610,30,652,0
1,133,241,-1.743572325,-0.210400721,0.695724582,-2.036996748,-1.479582704,-0.159415764,0,0,,transition,10,0,-1610,30,652,0
1,133,242,-1.745336604,-0.239594942,0.762833616,-2.073770936,-1.479744445,-0.16118451,0,1,184,task,10,0,-1610,30,652,0
1,133,243,-1.747191265,-0.264635063,0.821078259,-2.105827775,-1.479916158,-0.163043405,0,0,,transition,10,0,-1610,30,652,0
1,133,244,-1.749037422,-0.289346838,0.878652664,-2.137543451,-1.480087397,-0.164893786,0,1,185,task,10,0,-1610,30,652,0
1,133,245,-1.726936604,-0.307581253,0.910860269,-2.155463284,-1.477800921,-0.142732372,0,1,186,task,10,0,-1610,30,652,0
1,133,246,-1.725328516,-0.283811246,0.855419146,-2.124977415,-1.477653104,-0.141119724,0,0,,transition,10,0,-1610,30,652,0
1,133,247,-1.723712457,-0.25976414,0.799418571,-2.094209897,-1.477504856,-0.139499093,0,1,187,task,10,0,-1610,30,652,0
1,133,248,-1.722176145,-0.232086907,0.735698802,-2.059346781,-1.477365377,-0.137958031,0,0,,transition,10,0,-1610,30,652,0
1,133,249,-1.720630859,-0.2038764,0.670864754,-2.023903463,-1.477225487,-0.136407976,0,1,188,task,10,0,-1610,30,652,0
1,133,250,-1.719162171,-0.169675793,0.593126007,-1.98153921,-1.477093799,-0.134934369,0,0,,transition,10,0,-1610,30,652,0
1,133,251,-1.717682538,-0.134102058,0.512444432,-1.937606253,-1.47696171,-0.133449786,0,1,189,task,10,0,-1610,30,652,0
1,133,252,-1.693803713,-0.116293749,0.460019304,-1.904883353,-1.481534407,-0.109417838,0,1,190,task,10,0,-1610,30,652,0
1,133,253,-1.695003205,-0.155177705,0.547650256,-1.952366516,-1.481674821,-0.110620639,0,0,,transition,10,0,-1610,30,652,0
1,133,254,-1.696191577,-0.192118954,0.631095217,-1.997607359,-1.481814858,-0.111812294,0,1,191,task,10,0,-1610,30,652,0
1,133,255,-1.69744342,-0.221946869,0.699158501,-2.034574957,-1.481962077,-0.113067215,0,0,,transition,10,0,-1610,30,652,0
1,133,256,-1.698686456,-0.251109728,0.765821492,-2.070808069,-1.482108909,-0.114313314,0,1,192,task,10,0,-1610,30,652,0
1,133,257,-1.699994932,-0.276195609,0.823769815,-2.102398498,-1.482263405,-0.115624618,0,0,,transition,10,0,-1610,30,652,0
1,133,258,-1.701295739,-0.30095616,0.881054689,-2.133651452,-1.482417494,-0.116928245,0,1,193,task,10,0,-1610,30,652,0
1,133,259,-1.691257605,-0.398636455,0.934112021,-2.090355186,-1.489216148,-0.107933765,0,0,,transition,10,0,-1610,30,652,0
1,133,260,-1.681219471,-0.496316751,0.987169352,-2.04705892,-1.496014803,-0.098939285,0,0,,transition,10,0,-1610,30,652,0
1,133,261,-1.671181338,-0.593997046,1.040226683,-2.003762655,-1.502813456,-0.089944804,0,0,,transition,10,0,-1610,30,652,0
1,133,262,-1.661143204,-0.691677341,1.093284015,-1.960466389,-1.509612111,-0.080950324,0,0,,transition,10,0,-1610,30,652,0
1,133,263,-1.65110507,-0.789357637,1.146341347,-1.917170124,-1.516410766,-0.071955843,0,0,,transition,10,0,-1610,30,652,0
1,133,264,-1.641066936,-0.887037932,1.199398679,-1.873873859,-1.523209419,-0.062961363,0,0,,transition,10,0,-1610,30,652,0
1,133,265,-1.631028803,-0.984718228,1.25245601,-1.830577593,-1.530008074,-0.053966883,0,0,,transition,10,0,-1610,30,652,0
1,133,266,-1.620990669,-1.082398523,1.305513342,-1.787281328,-1.536806729,-0.044972402,0,0,,transition,10,0,-1610,30,652,0
1,133,267,-1.610952535,-1.180078819,1.358570674,-1.743985062,-1.543605382,-0.035977922,0,0,,transition,10,0,-1610,30,652,0
1,133,268,-1.600914401,-1.277759114,1.411628005,-1.700688796,-1.550404037,-0.026983441,0,0,,transition,10,0,-1610,30,652,0
1,133,269,-1.590876268,-1.375439409,1.464685336,-1.657392531,-1.557202692,-0.017988961,0,0,,transition,10,0,-1610,30,652,0
1,133,270,-1.580838134,-1.473119705,1.517742668,-1.614096265,-1.564001345,-0.00899448,0,0,,transition,10,0,-1610,30,652,0
1,133,271,-1.5708,-1.5708,1.5708,-1.5708,-1.5708,0,0,0,,home,30,0,-1610,30,652,0
1,134,1,-1.5708,-1.5708,1.5708,-1.5708,-1.5708,0,0,0,,home,30,0,-1610,30,652,0
1,134,2,-1.638083975,-1.473719302,1.497821674,-1.591755552,-1.574971269,-0.066236381,0,0,,transition,10,0,-1610,30,652,0
1,134,3,-1.705367951,-1.376638604,1.424843347,-1.612711104,-1.579142538,-0.132472762,0,0,,transition,10,0,-1610,30,652,0
1,134,4,-1.772651926,-1.279557906,1.351865021,-1.633666655,-1.583313808,-0.198709143,0,0,,transition,10,0,-1610,30,652,0
1,134,5,-1.839935901,-1.182477208,1.278886694,-1.654622206,-1.587485077,-0.264945524,0,0,,transition,10,0,-1610,30,652,0
1,134,6,-1.907219877,-1.085396511,1.205908367,-1.675577758,-1.591656347,-0.331181904,0,0,,transition,10,0,-1610,30,652,0
1,134,7,-1.974503851,-0.988315813,1.13293004,-1.69653331,-1.595827616,-0.397418285,0,0,,transition,10,0,-1610,30,652,0
1,134,8,-2.041787826,-0.891235115,1.059951714,-1.717488862,-1.599998885,-0.463654666,0,0,,transition,10,0,-1610,30,652,0
1,134,9,-2.109071802,-0.794154417,0.986973387,-1.738444413,-1.604170155,-0.529891047,0,0,,transition,10,0,-1610,30,652,0
1,134,10,-2.176355777,-0.69707372,0.913995061,-1.759399965,-1.608341424,-0.596127428,0,0,,transition,10,0,-1610,30,652,0
1,134,11,-2.243639752,-0.599993022,0.841016734,-1.780355517,-1.612512693,-0.662363809,0,0,,transition,10,0,-1610,30,652,0
1,134,12,-2.310923728,-0.502912324,0.768038407,-1.801311069,-1.616683962,-0.72860019,0,0,,transition,10,0,-1610,30,652,0
1,134,13,-2.378207703,-0.405831626,0.695060081,-1.82226662,-1.620855231,-0.794836571,0,0,,transition,10,0,-1610,30,652,0
1,134,14,-2.445491678,-0.308750928,0.622081754,-1.843222172,-1.625026502,-0.861072952,0,0,,transition,10,0,-1610,30,652,0
1,134,15,-2.512775654,-0.211670231,0.549103428,-1.864177723,-1.629197771,-0.927309332,0,0,,transition,10,0,-1610,30,652,0
1,134,16,-2.580059629,-0.114589533,0.476125101,-1.885133275,-1.63336904,-0.993545713,0,1,1,task,10,0,-1610,30,652,0
1,134,17,-2.574320127,-0.145375404,0.546055684,-1.923920309,-1.633096199,-0.987801554,0,0,,transition,10,0,-1610,30,652,0
1,134,18,-2.568567674,-0.175586978,0.614787852,-1.962082468,-1.632822676,-0.98204444,0,1,2,task,10,0,-1610,30,652,0
1,134,19,-2.562609391,-0.200093783,0.671128032,-1.993547893,-1.632535112,-0.976081735,0,0,,transition,10,0,-1610,30,652,0
1,134,20,-2.5566417,-0.224387113,0.727045518,-2.024803575,-1.632247025,-0.970109625,0,1,3,task,10,0,-1610,30,652,0
1,134,21,-2.544261249,-0.26592602,0.823701151,-2.079163178,-1.631640202,-0.957720898,0,1,4,task,10,0,-1610,30,652,0
1,134,22,-2.531404978,-0.302455701,0.909679315,-2.127833504,-1.6310002,-0.94485701,0,1,5,task,10,0,-1610,30,652,0
1,134,23,-2.516488126,-0.332329739,0.981379378,-2.168706317,-1.629533893,-0.929932026,0,1,6,task,10,0,-1610,30,652,0
1,134,24,-2.518050663,-0.335226026,0.987710663,-2.172295059,-1.630324882,-0.931495843,0,1,7,task,30,0,-1610,30,652,0
1,134,25,-2.504175218,-0.365014078,1.059490785,-2.213466149,-1.629611982,-0.917614425,0,1,8,task,10,0,-1610,30,652,0
1,134,26,-2.489212921,-0.383445812,1.1109647,-2.244797277,-1.613698603,-0.902723814,0,1,9,task,10,0,-1610,30,652,0
1,134,27,-2.489754717,-0.392340438,1.126153345,-2.251959744,-1.628859098,-0.903188963,0,1,10,task,30,0,-1610,30,652,0
1,134,28,-2.485512822,-0.409208418,1.161427392,-2.235460869,-1.590529256,-0.897855841,0,1,11,task,10,0,-1610,30,652,0
1,134,29,-2.458026779,-0.364324105,1.062485049,-2.186580158,-1.582265711,-0.870897791,0,0,,transition,10,0,-1610,30,652,0
1,134,30,-2.430506261,-0.318964478,0.962744538,-2.137370838,-1.573995959,-0.843904974,0,0,,transition,10,0,-1610,30,652,0
1,134,31,-2.402954624,-0.273011782,0.861920989,-2.087666628,-1.565720774,-0.816880737,0,0,,transition,10,0,-1610,30,652,0
1,134,32,-2.375374676,-0.226275755,0.759575204,-2.03721933,-1.557440822,-0.789827881,0,0,,transition,10,0,-1610,30,652,0
1,134,33,-2.347768774,-0.178435557,0.654985435,-1.985628681,-1.549156686,-0.762748751,0,1,12,task,10,0,-1610,30,652,0
1,134,34,-2.354642927,-0.202902216,0.710167514,-2.017058217,-1.55385553,-0.769467024,0,0,,transition,10,0,-1610,30,652,0
1,134,35,-2.361508891,-0.227064257,0.764725882,-2.048168219,-1.558553963,-0.776176837,0,1,13,task,10,0,-1610,30,652,0
1,134,36,-2.374335788,-0.270667963,0.863292321,-2.107595945,-1.57322502,-0.788666581,0,1,14,task,30,0,-1610,30,652,0
1,134,37,-2.387826137,-0.308631089,0.947697816,-2.154953593,-1.587047097,-0.8018541,0,1,15,task,30,0,-1610,30,652,0
1,134,38,-2.405194071,-0.338577525,1.005103995,-2.162524734,-1.588159903,-0.818355866,0,1,16,task,30,0,-1610,30,652,0
1,134,39,-2.423582004,-0.369431176,1.074293454,-2.197027609,-1.588218887,-0.836538932,0,1,17,task,30,0,-1610,30,652,0
1,134,40,-2.442588798,-0.398083934,1.138741681,-2.228979042,-1.58847645,-0.855325073,0,1,18,task,30,0,-1610,30,652,0
1,134,41,-2.462234301,-0.424863064,1.199153279,-2.258761652,-1.58894221,-0.874732607,0,1,19,task,30,0,-1610,30,652,0
1,134,42,-2.47017401,-0.434979672,1.222021468,-2.269992338,-1.589185681,-0.882573203,0,1,20,task,30,0,-1610,30,652,0
1,134,43,-2.454225526,-0.459089116,1.279116171,-2.302696482,-1.587784154,-0.866683929,0,1,21,task,10,0,-1610,30,652,0
1,134,44,-2.435530081,-0.432700507,1.218482151,-2.268389031,-1.58278088,-0.848215562,0,1,22,task,30,0,-1610,30,652,0
1,134,45,-2.417499215,-0.404602656,1.154282137,-2.232384651,-1.577840767,-0.83041533,0,1,23,task,30,0,-1610,30,652,0
1,134,46,-2.400106938,-0.374531705,1.085941609,-2.194362601,-1.572965094,-0.813256004,0,1,24,task,30,0,-1610,30,652,0
1,134,47,-2.383603995,-0.342110803,1.013220976,-2.154880786,-1.567178009,-0.79705067,0,1,25,task,30,0,-1610,30,652,0
1,134,48,-2.373432009,-0.307878162,0.949919219,-2.138885644,-1.540516757,-0.788597195,0,1,26,task,30,0,-1610,30,652,0
1,134,49,-2.357305081,-0.27160432,0.86664609,-2.094259309,-1.537108931,-0.772659512,0,1,27,task,30,0,-1610,30,652,0
1,134,50,-2.341631682,-0.230946351,0.773714803,-2.044130678,-1.534170942,-0.75713914,0,1,28,task,30,0,-1610,30,652,0
1,134,51,-2.316815425,-0.242032634,0.79673291,-2.057191226,-1.53224477,-0.732378609,0,1,29,task,10,0,-1610,30,652,0
1,134,52,-2.332054456,-0.282286213,0.888638699,-2.106343108,-1.535422985,-0.747450324,0,1,30,task,30,0,-1610,30,652,0
1,134,53,-2.347640777,-0.318346691,0.971018294,-2.149643717,-1.539448801,-0.762806315,0,1,31,task,30,0,-1610,30,652,0
1,134,54,-2.363094425,-0.351218355,1.044650202,-2.185603964,-1.546059304,-0.777836269,0,1,32,task,30,0,-1610,30,652,0
1,134,55,-2.376143281,-0.383299709,1.110247984,-2.212201742,-1.56300513,-0.789840898,0,1,33,task,30,0,-1610,30,652,0
1,134,56,-2.392031311,-0.413426376,1.176607781,-2.246157091,-1.571928349,-0.805227996,0,1,34,task,30,0,-1610,30,652,0
1,134,57,-2.409527769,-0.441638099,1.240976279,-2.28194947,-1.577558109,-0.822454182,0,1,35,task,30,0,-1610,30,652,0
1,134,58,-2.427688249,-0.468188139,1.301902786,-2.316138693,-1.583258226,-0.840348517,0,1,36,task,30,0,-1610,30,652,0
1,134,59,-2.437641083,-0.481717688,1.333094282,-2.333777363,-1.586322195,-0.850161859,0,1,37,task,30,0,-1610,30,652,0
1,134,60,-2.420393968,-0.503007446,1.384251633,-2.363391234,-1.58479733,-0.832980405,0,1,38,task,10,0,-1610,30,652,0
1,134,61,-2.402197246,-0.477737639,1.326188553,-2.330910316,-1.577915013,-0.815103309,0,1,39,task,30,0,-1610,30,652,0
1,134,62,-2.384686774,-0.451047654,1.26523134,-2.297174619,-1.571110377,-0.797920505,0,1,40,task,30,0,-1610,30,652,0
1,134,63,-2.368513192,-0.422929908,1.202744727,-2.265245615,-1.562078932,-0.782255753,0,1,41,task,30,0,-1610,30,652,0
1,134,64,-2.353634627,-0.393317543,1.138676355,-2.235371455,-1.550686017,-0.768065574,0,1,42,task,30,0,-1610,30,652,0
1,134,65,-2.338368705,-0.362387862,1.069626715,-2.2013119,-1.542601902,-0.753287024,0,1,43,task,30,0,-1610,30,652,0
1,134,66,-2.322694442,-0.329677764,0.994459176,-2.162182807,-1.538053468,-0.737884599,0,1,44,task,30,0,-1610,30,652,0
1,134,67,-2.307475262,-0.29391188,0.912623424,-2.119288068,-1.534014964,-0.722894483,0,1,45,task,30,0,-1610,30,652,0
1,134,68,-2.279618046,-0.296466218,0.91570222,-2.121016777,-1.531920166,-0.695095235,0,1,46,task,10,0,-1610,30,652,0
1,134,69,-2.294395173,-0.332758888,0.998894163,-2.164750702,-1.535705151,-0.709663653,0,1,47,task,30,0,-1610,30,652,0
1,134,70,-2.309838041,-0.365940154,1.076013254,-2.206018619,-1.539247778,-0.724909269,0,1,48,task,30,0,-1610,30,652,0
1,134,71,-2.325876141,-0.396576301,1.147855235,-2.244631006,-1.542909888,-0.740736247,0,1,49,task,30,0,-1610,30,652,0
1,134,72,-2.341316943,-0.426079283,1.214157895,-2.277851627,-1.550779718,-0.755717675,0,1,50,task,30,0,-1610,30,652,0
1,134,73,-2.357134103,-0.454035175,1.276726714,-2.308933292,-1.559483705,-0.771019738,0,1,51,task,30,0,-1610,30,652,0
1,134,74,-2.37355568,-0.480594395,1.336466655,-2.339105267,-1.568331869,-0.786923519,0,1,52,task,30,0,-1610,30,652,0
1,134,75,-2.390639569,-0.506462934,1.395033062,-2.370916444,-1.577212819,-0.803575116,0,1,53,task,30,0,-1610,30,652,0
1,134,76,-2.40245721,-0.523071968,1.432819567,-2.391658616,-1.583207113,-0.815112712,0,1,54,task,30,0,-1610,30,652,0
1,134,77,-2.383803788,-0.542003487,1.478980255,-2.41867251,-1.581549165,-0.796531863,0,1,55,task,10,0,-1610,30,652,0
1,134,78,-2.367863719,-0.516740626,1.423759441,-2.390274787,-1.567779439,-0.781256124,0,1,56,task,30,0,-1610,30,652,0
1,134,79,-2.350686963,-0.491847548,1.366330022,-2.360337884,-1.559980943,-0.764529863,0,1,57,task,30,0,-1610,30,652,0
1,134,80,-2.33403628,-0.465744168,1.306258933,-2.329239143,-1.552777956,-0.748298624,0,1,58,task,30,0,-1610,30,652,0
1,134,81,-2.318024876,-0.438156389,1.243190004,-2.296825914,-1.54571909,-0.732692202,0,1,59,task,30,0,-1610,30,652,0
1,134,82,-2.302110687,-0.409349191,1.176125188,-2.261295519,-1.540537559,-0.717069692,0,1,60,task,30,0,-1610,30,652,0
1,134,83,-2.286235071,-0.379021539,1.104248456,-2.221965334,-1.537459694,-0.701361514,0,1,61,task,30,0,-1610,30,652,0
1,134,84,-2.270968562,-0.34622427,1.02729853,-2.1800878,-1.534488737,-0.686251552,0,1,62,task,30,0,-1610,30,652,0
1,134,85,-2.240266102,-0.341987807,1.014302175,-2.172889576,-1.531893783,-0.65563211,0,1,63,task,10,0,-1610,30,652,0
1,134,86,-2.254992639,-0.375797021,1.093800785,-2.216538804,-1.534431059,-0.670233944,0,1,64,task,30,0,-1610,30,652,0
1,134,87,-2.270321398,-0.406985051,1.167924824,-2.257474404,-1.537064287,-0.685429134,0,1,65,task,30,0,-1610,30,652,0
1,134,88,-2.286284455,-0.43597417,1.237608393,-2.29621309,-1.53979816,-0.701249367,0,1,66,task,30,0,-1610,30,652,0
1,134,89,-2.302220462,-0.463818282,1.302875696,-2.331046724,-1.544889542,-0.716906364,0,1,67,task,30,0,-1610,30,652,0
1,134,90,-2.31856056,-0.490360646,1.364765248,-2.363698464,-1.550925722,-0.732908282,0,1,68,task,30,0,-1610,30,652,0
1,134,91,-2.335583536,-0.515512953,1.423909198,-2.395161733,-1.557098782,-0.749579713,0,1,69,task,30,0,-1610,30,652,0
1,134,92,-2.353325493,-0.53940588,1.480603981,-2.425616416,-1.563412362,-0.76695758,0,1,70,task,30,0,-1610,30,652,0
1,134,93,-2.364406883,-0.559877952,1.522877482,-2.444504131,-1.579821203,-0.777211124,0,1,71,task,30,0,-1610,30,652,0
1,134,94,-2.3538928,-0.572575653,1.565207564,-2.471054133,-1.549506392,-0.767998891,0,1,72,task,10,0,-1610,30,652,0
1,134,95,-2.333576738,-0.550854685,1.510726559,-2.441546109,-1.548885521,-0.747795204,0,1,73,task,30,0,-1610,30,652,0
1,134,96,-2.314794085,-0.527697949,1.45441699,-2.411918114,-1.546364568,-0.729226679,0,1,74,task,30,0,-1610,30,652,0
1,134,97,-2.297006114,-0.503224133,1.395852889,-2.381505863,-1.543348792,-0.711668229,0,1,75,task,30,0,-1610,30,652,0
1,134,98,-2.279947602,-0.477400074,1.334633227,-2.349845854,-1.540513622,-0.694816831,0,1,76,task,30,0,-1610,30,652,0
1,134,99,-2.263558696,-0.450317978,1.269717701,-2.314876296,-1.537894225,-0.678589988,0,1,77,task,30,0,-1610,30,652,0
1,134,100,-2.24781557,-0.421736944,1.200415019,-2.275946204,-1.535445632,-0.66296841,0,1,78,task,30,0,-1610,30,652,0
1,134,101,-2.232716211,-0.391048265,1.126907629,-2.234953093,-1.533091657,-0.647982571,0,1,79,task,30,0,-1610,30,652,0
1,134,102,-2.218226599,-0.357870028,1.048346473,-2.19142566,-1.530827538,-0.633598839,0,1,80,task,30,0,-1610,30,652,0
1,134,103,-2.204314658,-0.321658737,0.963530373,-2.144702518,-1.528648724,-0.619785517,0,1,81,task,30,0,-1610,30,652,0
1,134,104,-2.192717455,-0.282873754,0.880504755,-2.110365655,-1.51994928,-0.608674556,0,1,82,task,30,0,-1610,30,652,0
1,134,105,-2.179661086,-0.238914518,0.777610794,-2.052957614,-1.518565124,-0.595658087,0,1,83,task,30,0,-1610,30,652,0
1,134,106,-2.173391056,-0.213471128,0.718775728,-2.020328722,-1.517903025,-0.589406156,0,0,,transition,10,0,-1610,30,652,0
1,134,107,-2.167109558,-0.187632997,0.659125186,-1.98727947,-1.517240021,-0.583142786,0,1,84,task,10,0,-1610,30,652,0
1,134,108,-2.161080309,-0.156390577,0.587804653,-1.94796313,-1.516605865,-0.577129927,0,0,,transition,10,0,-1610,30,652,0
1,134,109,-2.155036818,-0.124182514,0.51442904,-1.907557911,-1.515970682,-0.571102853,0,1,85,task,10,0,-1610,30,652,0
1,134,110,-2.149237958,-0.080677996,0.416457219,-1.853850801,-1.515363021,-0.565318794,0,0,,transition,10,0,-1610,30,652,0
1,134,111,-2.143418359,-0.032668576,0.308696473,-1.794860616,-1.514754022,-0.559514018,0,1,86,task,10,0,-1610,30,652,0
1,134,112,-2.131322141,-0.089278619,0.43591623,-1.862740661,-1.491422519,-0.548412501,0,1,87,task,10,0,-1610,30,652,0
1,134,113,-2.137134605,-0.126704485,0.520928113,-1.909808543,-1.491874342,-0.554227403,0,0,,transition,10,0,-1610,30,652,0
1,134,114,-2.14292961,-0.162403021,0.602225349,-1.954890326,-1.492325019,-0.560024839,0,1,88,task,10,0,-1610,30,652,0
1,134,115,-2.148973744,-0.19080718,0.667723977,-1.99145557,-1.49279664,-0.566070829,0,0,,transition,10,0,-1610,30,652,0
1,134,116,-2.155004524,-0.218640788,0.732027065,-2.027396691,-1.493267315,-0.57210347,0,1,89,task,10,0,-1610,30,652,0
1,134,117,-2.161294463,-0.242339365,0.787465312,-2.058595719,-1.493760179,-0.578394608,0,0,,transition,10,0,-1610,30,652,0
1,134,118,-2.167573069,-0.26576259,0.842346538,-2.08951376,-1.494252184,-0.584674424,0,1,90,task,10,0,-1610,30,652,0
1,134,119,-2.180256449,-0.305657425,0.931209498,-2.129076363,-1.496773095,-0.597227224,0,1,91,task,30,0,-1610,30,652,0
1,134,120,-2.192137802,-0.343559126,1.016808251,-2.172320714,-1.504206384,-0.608707665,0,1,92,task,30,0,-1610,30,652,0
1,134,121,-2.204759373,-0.37879585,1.099754477,-2.219721453,-1.510855155,-0.621018964,0,1,93,task,30,0,-1610,30,652,0
1,134,122,-2.217927179,-0.411266985,1.177117264,-2.264430751,-1.517539683,-0.633884483,0,1,94,task,30,0,-1610,30,652,0
1,134,123,-2.231219973,-0.441677361,1.248669365,-2.304151151,-1.525778562,-0.646783444,0,1,95,task,30,0,-1610,30,652,0
1,134,124,-2.245052133,-0.470221043,1.316423025,-2.342008763,-1.534218382,-0.660222257,0,1,96,task,30,0,-1610,30,652,0
1,134,125,-2.259920566,-0.497247881,1.375984376,-2.36654158,-1.541232459,-0.674587248,0,1,97,task,30,0,-1610,30,652,0
1,134,126,-2.276878293,-0.522694498,1.435853636,-2.396235848,-1.543888467,-0.691301693,0,1,98,task,30,0,-1610,30,652,0
1,134,127,-2.295161423,-0.546584952,1.495800954,-2.430872561,-1.545029553,-0.709512501,0,1,99,task,30,0,-1610,30,652,0
1,134,128,-2.314293244,-0.569181171,1.553368834,-2.46441609,-1.546290412,-0.728564642,0,1,100,task,30,0,-1610,30,652,0
1,134,129,-2.333067134,-0.589294242,1.60543076,-2.495020116,-1.547590016,-0.747256442,0,1,101,task,30,0,-1610,30,652,0
1,134,130,-2.311419356,-0.60513355,1.643654735,-2.517926431,-1.545608577,-0.725693212,0,1,102,task,10,0,-1610,30,652,0
1,134,131,-2.292297381,-0.583689034,1.587794348,-2.48402945,-1.542147027,-0.706734664,0,1,103,task,30,0,-1610,30,652,0
1,134,132,-2.274069238,-0.561063977,1.529902135,-2.449351231,-1.538777302,-0.688664358,0,1,104,task,30,0,-1610,30,652,0
1,134,133,-2.25668155,-0.537177793,1.469774288,-2.413761235,-1.5354953,-0.671428962,0,1,105,task,30,0,-1610,30,652,0
1,134,134,-2.24115133,-0.511495053,1.408301271,-2.379740223,-1.528925846,-0.656254614,0,1,106,task,30,0,-1610,30,652,0
1,134,135,-2.230281302,-0.483368494,1.352806382,-2.363675638,-1.509528404,-0.646652328,0,1,107,task,30,0,-1610,30,652,0
1,134,136,-2.215015594,-0.456256828,1.285610215,-2.325363352,-1.506303415,-0.631529894,0,1,108,task,30,0,-1610,30,652,0
1,134,137,-2.200209315,-0.427323956,1.214366887,-2.284366354,-1.50385191,-0.616813427,0,1,109,task,30,0,-1610,30,652,0
1,134,138,-2.186037831,-0.396217462,1.138861181,-2.241293023,-1.50147116,-0.602726526,0,1,110,task,30,0,-1610,30,652,0
1,134,139,-2.172464853,-0.362542267,1.05820774,-2.195650746,-1.499157108,-0.589233224,0,1,111,task,30,0,-1610,30,652,0
1,134,140,-2.159691607,-0.326287602,0.973996238,-2.151662838,-1.496044762,-0.576606972,0,1,112,task,30,0,-1610,30,652,0
1,134,141,-2.147576644,-0.286816045,0.884222044,-2.10720277,-1.492473887,-0.564664536,0,1,113,task,30,0,-1610,30,652,0
1,134,142,-2.135061502,-0.242873717,0.783002084,-2.05486178,-1.492383397,-0.552116361,0,1,114,task,30,0,-1610,30,652,0
1,134,143,-2.129159451,-0.217033106,0.723186571,-2.021760932,-1.491965232,-0.546210892,0,0,,transition,10,0,-1610,30,652,0
1,134,144,-2.123245162,-0.190780269,0.662518566,-1.988220622,-1.491546065,-0.540293206,0,1,115,task,10,0,-1610,30,652,0
1,134,145,-2.117600301,-0.158821179,0.589355077,-1.947555875,-1.491055543,-0.534647965,0,0,,transition,10,0,-1610,30,652,0
1,134,146,-2.111940135,-0.125831994,0.513997595,-1.905728275,-1.490564005,-0.528987418,0,1,116,task,10,0,-1610,30,652,0
1,134,147,-2.092055162,-0.155917341,0.577579245,-1.940591305,-1.48999476,-0.509041988,0,1,117,task,10,0,-1610,30,652,0
1,134,148,-2.09762908,-0.185790602,0.645754062,-1.977580797,-1.490213988,-0.514626944,0,0,,transition,10,0,-1610,30,652,0
1,134,149,-2.103189408,-0.21496831,0.712461818,-2.013799793,-1.490432015,-0.52019834,0,1,118,task,10,0,-1610,30,652,0
1,134,150,-2.109035366,-0.239594659,0.769210451,-2.044279371,-1.490515462,-0.526061044,0,0,,transition,10,0,-1610,30,652,0
1,134,151,-2.114869925,-0.263900658,0.825304724,-2.074425815,-1.490597634,-0.531912404,0,1,119,task,10,0,-1610,30,652,0
1,134,152,-2.12662395,-0.30673619,0.924183669,-2.126691746,-1.492391448,-0.54361148,0,1,120,task,30,0,-1610,30,652,0
1,134,153,-2.138736025,-0.345212748,1.013586493,-2.173703996,-1.494773878,-0.555629874,0,1,121,task,30,0,-1610,30,652,0
1,134,154,-2.151349952,-0.380364072,1.096173222,-2.217438381,-1.497306297,-0.568135928,0,1,122,task,30,0,-1610,30,652,0
1,134,155,-2.164420779,-0.41331641,1.175088212,-2.261835934,-1.500260463,-0.581092493,0,1,123,task,30,0,-1610,30,652,0
1,134,156,-2.178079436,-0.443887899,1.249278155,-2.303915578,-1.50328502,-0.594631106,0,1,124,task,30,0,-1610,30,652,0
1,134,157,-2.192426907,-0.472352388,1.319442132,-2.343988427,-1.506171998,-0.608862689,0,1,125,task,30,0,-1610,30,652,0
1,134,158,-2.207549155,-0.498917048,1.3861109,-2.382292816,-1.508792501,-0.623878982,0,1,126,task,30,0,-1610,30,652,0
1,134,159,-2.221675023,-0.52505979,1.445422958,-2.408210478,-1.516818401,-0.637487933,0,1,127,task,30,0,-1610,30,652,0
1,134,160,-2.235227438,-0.550900003,1.503839665,-2.436028807,-1.528708785,-0.650329864,0,1,128,task,30,0,-1610,30,652,0
1,134,161,-2.251275539,-0.574927586,1.562716374,-2.46913511,-1.535194485,-0.666031486,0,1,129,task,30,0,-1610,30,652,0
1,134,162,-2.269011481,-0.597410582,1.620444935,-2.503678289,-1.539192417,-0.683578478,0,1,130,task,30,0,-1610,30,652,0
1,134,163,-2.287644339,-0.618744712,1.676258177,-2.537543622,-1.54328458,-0.702016979,0,1,131,task,30,0,-1610,30,652,0
1,134,164,-2.288925915,-0.620134074,1.679932203,-2.539790575,-1.543562149,-0.703285347,0,1,132,task,30,0,-1610,30,652,0
1,134,165,-2.265565377,-0.634331158,1.714301089,-2.560620645,-1.541451314,-0.680011045,0,1,133,task,10,0,-1610,30,652,0
1,134,166,-2.247666581,-0.613080465,1.658856315,-2.52719531,-1.53583537,-0.662383758,0,1,134,task,30,0,-1610,30,652,0
1,134,167,-2.23098784,-0.590636509,1.602187299,-2.494502579,-1.529342395,-0.646041893,0,1,135,task,30,0,-1610,30,652,0
1,134,168,-2.215740034,-0.566912318,1.544716966,-2.463695262,-1.521072239,-0.631257915,0,1,136,task,30,0,-1610,30,652,0
1,134,169,-2.200849261,-0.542378717,1.485893356,-2.433554915,-1.51401499,-0.616780921,0,1,137,task,30,0,-1610,30,652,0
1,134,170,-2.186259712,-0.516991599,1.425555587,-2.40397828,-1.508287959,-0.602533903,0,1,138,task,30,0,-1610,30,652,0
1,134,171,-2.171442643,-0.490890544,1.360088318,-2.366917481,-1.505545755,-0.587834396,0,1,139,task,30,0,-1610,30,652,0
1,134,172,-2.15708373,-0.463256073,1.290827945,-2.326794721,-1.503607334,-0.573536013,0,1,140,task,30,0,-1610,30,652,0
1,134,173,-2.143746004,-0.433515338,1.218269868,-2.285763759,-1.500453139,-0.560325029,0,1,141,task,30,0,-1610,30,652,0
1,134,174,-2.131483004,-0.401421498,1.142107424,-2.244069381,-1.495652475,-0.548278887,0,1,142,task,30,0,-1610,30,652,0
1,134,175,-2.118980401,-0.367487805,1.061261235,-2.200242691,-1.493693039,-0.535844503,0,1,143,task,30,0,-1610,30,652,0
1,134,176,-2.10700139,-0.330457847,0.974088535,-2.153183373,-1.49183146,-0.523924456,0,1,144,task,30,0,-1610,30,652,0
1,134,177,-2.095515867,-0.289487534,0.878724975,-2.101869578,-1.490061784,-0.512489336,0,1,145,task,30,0,-1610,30,652,0
1,134,178,-2.084365748,-0.243257467,0.771895457,-2.044171869,-1.488882572,-0.501356377,0,1,146,task,30,0,-1610,30,652,0
1,134,179,-2.078905058,-0.216465319,0.710286476,-2.010635022,-1.488788024,-0.495879283,0,0,,transition,10,0,-1610,30,652,0
1,134,180,-2.073431848,-0.189202925,0.647699928,-1.976591839,-1.488692317,-0.490389698,0,1,147,task,10,0,-1610,30,652,0
1,134,181,-2.050563931,-0.207248839,0.679104546,-1.992340954,-1.491721627,-0.467294775,0,1,148,task,10,0,-1610,30,652,0
1,134,182,-2.055668765,-0.233586542,0.739630966,-2.025238489,-1.492407816,-0.472386306,0,0,,transition,10,0,-1610,30,652,0
1,134,183,-2.060762014,-0.259521349,0.799326096,-2.057708301,-1.493092969,-0.477466288,0,1,149,task,10,0,-1610,30,652,0
1,134,184,-2.071393027,-0.3045625,0.904182568,-2.114932365,-1.494532819,-0.488065544,0,1,150,task,30,0,-1610,30,652,0
1,134,185,-2.082483523,-0.344578354,0.998518288,-2.166652018,-1.496045698,-0.499118657,0,1,151,task,30,0,-1610,30,652,0
1,134,186,-2.094062113,-0.380811425,1.085071893,-2.214364156,-1.497636487,-0.510653758,0,1,152,task,30,0,-1610,30,652,0
1,134,187,-2.106159649,-0.414039587,1.165568543,-2.259017034,-1.499310469,-0.522701172,0,1,153,task,30,0,-1610,30,652,0
1,134,188,-2.118809418,-0.444784654,1.241176414,-2.301258217,-1.501073351,-0.535293613,0,1,154,task,30,0,-1610,30,652,0
1,134,189,-2.132165664,-0.473991954,1.313081303,-2.341530609,-1.502528156,-0.54860736,0,1,155,task,30,0,-1610,30,652,0
1,134,190,-2.146171494,-0.501430611,1.381559092,-2.380153831,-1.504030646,-0.562566599,0,1,156,task,30,0,-1610,30,652,0
1,134,191,-2.160642844,-0.527412498,1.446644404,-2.416349055,-1.506303505,-0.576941762,0,1,157,task,30,0,-1610,30,652,0
1,134,192,-2.175185443,-0.552509315,1.508044937,-2.448404853,-1.510639159,-0.591249617,0,1,158,task,30,0,-1610,30,652,0
1,134,193,-2.190434875,-0.576369726,1.567242477,-2.479567835,-1.515142225,-0.606240936,0,1,159,task,30,0,-1610,30,652,0
1,134,194,-2.205929959,-0.599627186,1.625333535,-2.511726573,-1.521296936,-0.621406983,0,1,160,task,30,0,-1610,30,652,0
1,134,195,-2.222178314,-0.621833911,1.681692071,-2.543457567,-1.527706682,-0.637310472,0,1,161,task,30,0,-1610,30,652,0
1,134,196,-2.238386972,-0.64349761,1.7363705,-2.574507238,-1.536684756,-0.653048274,0,1,162,task,30,0,-1610,30,652,0
1,134,197,-2.241318995,-0.647756003,1.746786754,-2.580416527,-1.539277251,-0.65585113,0,1,163,task,30,0,-1610,30,652,0
1,134,198,-2.220672222,-0.658183102,1.779937206,-2.606009127,-1.525017949,-0.63595702,0,1,164,task,10,0,-1610,30,652,0
1,134,199,-2.201963652,-0.638569991,1.723912121,-2.570197401,-1.523181966,-0.61730253,0,1,165,task,30,0,-1610,30,652,0
1,134,200,-2.184335364,-0.617725977,1.666313258,-2.534162508,-1.521201911,-0.599738793,0,1,166,task,30,0,-1610,30,652,0
1,134,201,-2.170459364,-0.594104497,1.611145173,-2.508373039,-1.511058823,-0.586455833,0,1,167,task,30,0,-1610,30,652,0
1,134,202,-2.155643957,-0.571342585,1.552823469,-2.477101842,-1.505863698,-0.57192263,0,1,168,task,30,0,-1610,30,652,0
1,134,203,-2.140612034,-0.548209207,1.491136343,-2.441321449,-1.503686146,-0.556979405,0,1,169,task,30,0,-1610,30,652,0
1,134,204,-2.126303623,-0.52365286,1.427057097,-2.404570652,-1.501627918,-0.542749436,0,1,170,task,30,0,-1610,30,652,0
1,134,205,-2.112671078,-0.497546993,1.360262902,-2.366650769,-1.499680718,-0.529185942,0,1,171,task,30,0,-1610,30,652,0
1,134,206,-2.099670526,-0.469724119,1.290345804,-2.327319372,-1.49783691,-0.516245836,0,1,172,task,30,0,-1610,30,652,0
1,134,207,-2.087261531,-0.439960881,1.216779754,-2.286272183,-1.496089471,-0.503889402,0,1,173,task,30,0,-1610,30,652,0
1,134,208,-2.075406805,-0.407954458,1.138868741,-2.24311474,-1.494431935,-0.492080004,0,1,174,task,30,0,-1610,30,652,0
1,134,209,-2.064071924,-0.373283413,1.055660935,-2.197315643,-1.492858354,-0.480783817,0,1,175,task,30,0,-1610,30,652,0
1,134,210,-2.053225093,-0.335338429,0.965797021,-2.148124103,-1.491363241,-0.469969589,0,1,176,task,30,0,-1610,30,652,0
1,134,211,-2.04283691,-0.293188884,0.867218132,-2.094411276,-1.489941543,-0.459608412,0,1,177,task,30,0,-1610,30,652,0
1,134,212,-2.037863879,-0.269378996,0.812153292,-2.064508603,-1.48926557,-0.454646294,0,0,,transition,10,0,-1610,30,652,0
1,134,213,-2.032880165,-0.24529337,0.75653223,-2.03432608,-1.488588602,-0.449673529,0,1,178,task,10,0,-1610,30,652,0
1,134,214,-2.007924259,-0.254194133,0.763962558,-2.035282684,-1.492706947,-0.424459016,0,1,179,task,10,0,-1610,30,652,0
1,134,215,-2.012633711,-0.278307217,0.819462222,-2.065247555,-1.493409568,-0.42915481,0,0,,transition,10,0,-1610,30,652,0
1,134,216,-2.017332772,-0.302149336,0.874416463,-2.094938531,-1.494111225,-0.433840252,0,1,180,task,10,0,-1610,30,652,0
1,134,217,-2.027152516,-0.344447963,0.972950703,-2.148323541,-1.495583222,-0.443627293,0,1,181,task,30,0,-1610,30,652,0
1,134,218,-2.037409882,-0.382597702,1.062883854,-2.197249179,-1.497127509,-0.453846083,0,1,182,task,30,0,-1610,30,652,0
1,134,219,-2.048133454,-0.417512942,1.14623975,-2.242825625,-1.498749054,-0.464524711,0,1,183,task,30,0,-1610,30,652,0
1,134,220,-2.059354219,-0.449794204,1.22435916,-2.28579405,-1.500453244,-0.475693626,0,1,184,task,30,0,-1610,30,652,0
1,134,221,-2.071105812,-0.479857749,1.298183513,-2.326680765,-1.50224594,-0.487385871,0,1,185,task,30,0,-1610,30,652,0
1,134,222,-2.083424776,-0.508003135,1.368402895,-2.36587771,-1.504133518,-0.499637343,0,1,186,task,30,0,-1610,30,652,0
1,134,223,-2.096350865,-0.534451512,1.435540108,-2.403688253,-1.506122914,-0.512487083,0,1,187,task,30,0,-1610,30,652,0
1,134,224,-2.10992736,-0.559368746,1.500001576,-2.440355051,-1.508221687,-0.5259776,0,1,188,task,30,0,-1610,30,652,0
1,134,225,-2.124201442,-0.58288006,1.562109792,-2.476077906,-1.51043807,-0.540155222,0,1,189,task,30,0,-1610,30,652,0
1,134,226,-2.139224582,-0.605079657,1.622124841,-2.511025765,-1.512781034,-0.555070492,0,1,190,task,30,0,-1610,30,652,0
1,134,227,-2.155052983,-0.626037209,1.680259163,-2.545345087,-1.515260359,-0.570778599,0,1,191,task,30,0,-1610,30,652,0
1,134,228,-2.171748065,-0.645802323,1.736687952,-2.579165892,-1.517886697,-0.58733986,0,1,192,task,30,0,-1610,30,652,0
1,134,229,-2.189376985,-0.664407626,1.791556634,-2.612606305,-1.520671649,-0.604820233,0,1,193,task,30,0,-1610,30,652,0
1,134,230,-2.194638588,-0.670413469,1.808902223,-2.623960994,-1.522783345,-0.609990906,0,1,194,task,30,0,-1610,30,652,0
1,134,231,-2.137925989,-0.75226679,1.787256566,-2.528219085,-1.527148494,-0.554537187,0,0,,transition,10,0,-1610,30,652,0
1,134,232,-2.08121339,-0.834120111,1.76561091,-2.432477177,-1.531513645,-0.499083469,0,0,,transition,10,0,-1610,30,652,0
1,134,233,-2.024500791,-0.915973432,1.743965253,-2.336735269,-1.535878796,-0.44362975,0,0,,transition,10,0,-1610,30,652,0
1,134,234,-1.967788193,-0.997826753,1.722319596,-2.24099336,-1.540243947,-0.388176031,0,0,,transition,10,0,-1610,30,652,0
1,134,235,-1.911075593,-1.079680074,1.70067394,-2.145251451,-1.544609096,-0.332722312,0,0,,transition,10,0,-1610,30,652,0
1,134,236,-1.854362995,-1.161533395,1.679028283,-2.049509543,-1.548974247,-0.277268594,0,0,,transition,10,0,-1610,30,652,0
1,134,237,-1.797650396,-1.243386716,1.657382626,-1.953767634,-1.553339398,-0.221814875,0,0,,transition,10,0,-1610,30,652,0
1,134,238,-1.740937797,-1.325240037,1.63573697,-1.858025725,-1.557704549,-0.166361156,0,0,,transition,10,0,-1610,30,652,0
1,134,239,-1.684225198,-1.407093358,1.614091313,-1.762283817,-1.562069698,-0.110907437,0,0,,transition,10,0,-1610,30,652,0
1,134,240,-1.627512599,-1.488946679,1.592445657,-1.666541909,-1.566434849,-0.055453719,0,0,,transition,10,0,-1610,30,652,0
1,134,241,-1.5708,-1.5708,1.5708,-1.5708,-1.5708,0,0,0,,home,30,0,-1610,30,652,0
2,144,1,-1.5708,-1.5708,1.5708,-1.5708,-1.5708,0,0,0,,home,30,0,1610,30,652,0
2,144,2,-1.580598264,-1.47212921,1.522856206,-1.621347277,-1.576641445,-0.008744394,0,0,,transition,10,0,1610,30,652,0
2,144,3,-1.590396528,-1.373458419,1.474912411,-1.671894553,-1.582482889,-0.017488788,0,0,,transition,10,0,1610,30,652,0
2,144,4,-1.600194794,-1.27478763,1.426968616,-1.72244183,-1.588324334,-0.026233182,0,0,,transition,10,0,1610,30,652,0
2,144,5,-1.609993058,-1.17611684,1.379024822,-1.772989107,-1.594165779,-0.034977575,0,0,,transition,10,0,1610,30,652,0
2,144,6,-1.619791322,-1.077446049,1.331081028,-1.823536384,-1.600007224,-0.043721969,0,0,,transition,10,0,1610,30,652,0
2,144,7,-1.629589586,-0.978775259,1.283137233,-1.87408366,-1.605848669,-0.052466363,0,0,,transition,10,0,1610,30,652,0
2,144,8,-1.639387851,-0.880104469,1.235193438,-1.924630937,-1.611690113,-0.061210757,0,0,,transition,10,0,1610,30,652,0
2,144,9,-1.649186116,-0.781433679,1.187249644,-1.975178214,-1.617531558,-0.069955151,0,0,,transition,10,0,1610,30,652,0
2,144,10,-1.65898438,-0.682762889,1.13930585,-2.025725491,-1.623373003,-0.078699545,0,0,,transition,10,0,1610,30,652,0
2,144,11,-1.668782644,-0.584092099,1.091362055,-2.076272767,-1.629214447,-0.087443938,0,0,,transition,10,0,1610,30,652,0
2,144,12,-1.678580908,-0.485421309,1.043418261,-2.126820044,-1.635055892,-0.096188332,0,0,,transition,10,0,1610,30,652,0
2,144,13,-1.688379173,-0.386750519,0.995474466,-2.177367321,-1.640897337,-0.104932726,0,0,,transition,10,0,1610,30,652,0
2,144,14,-1.698177438,-0.288079729,0.947530672,-2.227914598,-1.646738781,-0.11367712,0,1,1,task,10,0,1610,30,652,0
2,144,15,-1.696881847,-0.266009901,0.895841736,-2.200675483,-1.646618975,-0.112379117,0,0,,transition,10,0,1610,30,652,0
2,144,16,-1.695584213,-0.243885124,0.844088371,-2.173426727,-1.646499054,-0.111079079,0,1,2,task,10,0,1610,30,652,0
2,144,17,-1.694336122,-0.218316527,0.783397993,-2.138836146,-1.646426084,-0.109827144,0,0,,transition,10,0,1610,30,652,0
2,144,18,-1.693085393,-0.192679288,0.722624206,-2.104230592,-1.646353096,-0.108572564,0,1,3,task,10,0,1610,30,652,0
2,144,19,-1.691893049,-0.161568204,0.650136244,-2.063389485,-1.646282703,-0.107376486,0,0,,transition,10,0,1610,30,652,0
2,144,20,-1.690697289,-0.130316497,0.577424872,-2.022465327,-1.646212299,-0.106176984,0,1,4,task,10,0,1610,30,652,0
2,144,21,-1.714640407,-0.17015105,0.666152328,-2.072900713,-1.646119563,-0.130188129,0,1,5,task,10,0,1610,30,652,0
2,144,22,-1.716120573,-0.197755623,0.730967972,-2.10949678,-1.646216684,-0.131673115,0,0,,transition,10,0,1610,30,652,0
2,144,23,-1.717597927,-0.225273701,0.795666831,-2.14606234,-1.646313792,-0.13315528,0,1,6,task,10,0,1610,30,652,0
2,144,24,-1.719147061,-0.248714411,0.851720721,-2.178066339,-1.646414552,-0.134709355,0,0,,transition,10,0,1610,30,652,0
2,144,25,-1.720693891,-0.272103893,0.907723622,-2.210070399,-1.646515292,-0.13626112,0,1,7,task,10,0,1610,30,652,0
2,144,26,-1.74610552,-0.29476148,0.956880419,-2.236790719,-1.646555335,-0.161745246,0,1,8,task,10,0,1610,30,652,0
2,144,27,-1.744258962,-0.272733864,0.904473073,-2.207582945,-1.646407973,-0.159893002,0,0,,transition,10,0,1610,30,652,0
2,144,28,-1.742410391,-0.250660447,0.852022791,-2.178377878,-1.64626057,-0.158038742,0,1,9,task,10,0,1610,30,652,0
2,144,29,-1.740645078,-0.225403113,0.792260805,-2.144607071,-1.64612556,-0.156267369,0,0,,transition,10,0,1610,30,652,0
2,144,30,-1.738877336,-0.200081752,0.732424548,-2.110825831,-1.645990534,-0.154493558,0,1,10,task,10,0,1610,30,652,0
2,144,31,-1.73719007,-0.16956205,0.661465526,-2.071127171,-1.645860353,-0.152800331,0,0,,transition,10,0,1610,30,652,0
2,144,32,-1.735499656,-0.138917292,0.590315009,-2.031361832,-1.645730166,-0.151103946,0,1,11,task,10,0,1610,30,652,0
2,144,33,-1.759374319,-0.166947831,0.651781583,-2.066791172,-1.645451421,-0.175043937,0,1,12,task,10,0,1610,30,652,0
2,144,34,-1.761337278,-0.195028975,0.717255174,-2.103254377,-1.645637373,-0.177014462,0,0,,transition,10,0,1610,30,652,0
2,144,35,-1.763297559,-0.22301945,0.78260395,-2.139683229,-1.645823317,-0.178982303,0,1,13,task,10,0,1610,30,652,0
2,144,36,-1.765350618,-0.24680214,0.83899919,-2.171374859,-1.646016291,-0.181042952,0,0,,transition,10,0,1610,30,652,0
2,144,37,-1.767401536,-0.27053172,0.895339849,-2.203064849,-1.646209247,-0.183101455,0,1,14,task,10,0,1610,30,652,0
2,144,38,-1.793733685,-0.297247253,0.954329598,-2.235833934,-1.646224011,-0.209509021,0,1,15,task,10,0,1610,30,652,0
2,144,39,-1.79136301,-0.275147154,0.901950533,-2.206723647,-1.645995049,-0.207129631,0,0,,transition,10,0,1610,30,652,0
2,144,40,-1.788990489,-0.253002741,0.849531846,-2.177617907,-1.645766064,-0.204748394,0,1,16,task,10,0,1610,30,652,0
2,144,41,-1.786740879,-0.227807595,0.790432264,-2.144965686,-1.645482633,-0.202488992,0,0,,transition,10,0,1610,30,652,0
2,144,42,-1.784489095,-0.202547062,0.731254549,-2.112300548,-1.645199189,-0.200227413,0,1,17,task,10,0,1610,30,652,0
2,144,43,-1.782336955,-0.172213979,0.661201512,-2.073842551,-1.644926002,-0.198065261,0,0,,transition,10,0,1610,30,652,0
2,144,44,-1.780181941,-0.141755496,0.59095475,-2.035316006,-1.644652817,-0.195900232,0,1,18,task,10,0,1610,30,652,0
2,144,45,-1.803737658,-0.158781662,0.628203381,-2.059603869,-1.643722051,-0.219506923,0,1,19,task,10,0,1610,30,652,0
2,144,46,-1.80611978,-0.187513318,0.694193228,-2.094937407,-1.644181438,-0.221903856,0,0,,transition,10,0,1610,30,652,0
2,144,47,-1.808499482,-0.216134523,0.7600152,-2.130213334,-1.644640829,-0.224298369,0,1,20,task,10,0,1610,30,652,0
2,144,48,-1.810986956,-0.240400738,0.816510248,-2.160529787,-1.645117485,-0.226799563,0,0,,transition,10,0,1610,30,652,0
2,144,49,-1.813472588,-0.264604468,0.872929894,-2.190833178,-1.645594128,-0.229298917,0,1,21,task,10,0,1610,30,652,0
2,144,50,-1.840854935,-0.295642195,0.941616128,-2.228472671,-1.645730683,-0.256761321,0,1,22,task,10,0,1610,30,652,0
2,144,51,-1.838057944,-0.273421631,0.890124753,-2.201546579,-1.645115355,-0.253947668,0,0,,transition,10,0,1610,30,652,0
2,144,52,-1.835259521,-0.251150165,0.838577685,-2.174615582,-1.644500023,-0.251132591,0,1,23,task,10,0,1610,30,652,0
2,144,53,-1.832690292,-0.22627273,0.782314126,-2.147091844,-1.64347113,-0.248535223,0,0,,transition,10,0,1610,30,652,0
2,144,54,-1.83011959,-0.201308136,0.725919326,-2.119523928,-1.642442308,-0.245936415,0,1,24,task,10,0,1610,30,652,0
2,144,55,-1.827452918,-0.17060406,0.654697406,-2.07965797,-1.642273346,-0.243258072,0,0,,transition,10,0,1610,30,652,0
2,144,56,-1.824783306,-0.139775926,0.583286377,-2.039726744,-1.642104437,-0.240576784,0,1,25,task,10,0,1610,30,652,0
2,144,57,-1.847521323,-0.144341813,0.590842187,-2.045567637,-1.641125587,-0.263354207,0,1,26,task,10,0,1610,30,652,0
2,144,58,-1.850465334,-0.174839803,0.661754042,-2.085680054,-1.641202732,-0.266308678,0,0,,transition,10,0,1610,30,652,0
2,144,59,-1.853406436,-0.20522648,0.732503926,-2.125741607,-1.641279947,-0.269260233,0,1,27,task,10,0,1610,30,652,0
2,144,60,-1.856484083,-0.230423385,0.792151328,-2.159901518,-1.641358198,-0.272348714,0,0,,transition,10,0,1610,30,652,0
2,144,61,-1.85955952,-0.255562326,0.851737121,-2.194057627,-1.641436501,-0.27543498,0,1,28,task,10,0,1610,30,652,0
2,144,62,-1.864984462,-0.298660026,0.944232746,-2.229747564,-1.645453312,-0.280956834,0,1,29,task,30,0,1610,30,652,0
2,144,63,-1.871685716,-0.33898766,1.040671902,-2.284835419,-1.645681804,-0.287679296,0,1,30,task,30,0,1610,30,652,0
2,144,64,-1.87871053,-0.375576015,1.129579388,-2.336158926,-1.645923519,-0.294726018,0,1,31,task,30,0,1610,30,652,0
2,144,65,-1.88608267,-0.409168417,1.212624392,-2.384646175,-1.646179133,-0.302120842,0,1,32,task,30,0,1610,30,652,0
2,144,66,-1.893828258,-0.440264659,1.290949749,-2.430942672,-1.646449354,-0.309889979,0,1,33,task,30,0,1610,30,652,0
2,144,67,-1.901976075,-0.469215136,1.365378505,-2.475523798,-1.646734925,-0.318062308,0,1,34,task,30,0,1610,30,652,0
2,144,68,-1.910557895,-0.496272035,1.436526704,-2.51875644,-1.647036616,-0.326669719,0,1,35,task,30,0,1610,30,652,0
2,144,69,-1.932727701,-0.491341416,1.417242668,-2.508217359,-1.657319115,-0.349203244,0,1,36,task,10,0,1610,30,652,0
2,144,70,-1.923086866,-0.463980655,1.345185749,-2.463895808,-1.658943553,-0.339577858,0,1,37,task,30,0,1610,30,652,0
2,144,71,-1.913929879,-0.434637363,1.269653008,-2.418094219,-1.660577119,-0.33043641,0,1,38,task,30,0,1610,30,652,0
2,144,72,-1.905221801,-0.403033617,1.189974368,-2.370419386,-1.662219298,-0.321743949,0,1,39,task,30,0,1610,30,652,0
2,144,73,-1.896930929,-0.368780478,1.105244324,-2.320353793,-1.663869609,-0.313468758,0,1,40,task,30,0,1610,30,652,0
2,144,74,-1.889028426,-0.331316823,1.014187433,-2.267182268,-1.665527599,-0.305581989,0,1,41,task,30,0,1610,30,652,0
2,144,75,-1.880683784,-0.290763226,0.922737779,-2.224812499,-1.670299145,-0.297366918,0,1,42,task,30,0,1610,30,652,0
2,144,76,-1.877484137,-0.268206516,0.870826633,-2.197985281,-1.669593431,-0.294133548,0,0,,transition,10,0,1610,30,652,0
2,144,77,-1.8742837,-0.245596066,0.818853381,-2.17114963,-1.66888777,-0.290899398,0,1,43,task,10,0,1610,30,652,0
2,144,78,-1.871787447,-0.2196928,0.759459197,-2.139678479,-1.665914821,-0.288305846,0,0,,transition,10,0,1610,30,652,0
2,144,79,-1.869291109,-0.193710147,0.699955092,-2.108177125,-1.662942106,-0.285712239,0,1,44,task,10,0,1610,30,652,0
2,144,80,-1.866184015,-0.161351491,0.624737137,-2.065123312,-1.662927914,-0.282590305,0,0,,transition,10,0,1610,30,652,0
2,144,81,-1.863074474,-0.128870795,0.549341352,-2.022013485,-1.662913803,-0.279465912,0,1,45,task,10,0,1610,30,652,0
2,144,82,-1.884335365,-0.1204664,0.524519676,-2.006787986,-1.663472671,-0.300842492,0,1,46,task,10,0,1610,30,652,0
2,144,83,-1.887126219,-0.153803757,0.600504068,-2.048420658,-1.665651713,-0.303712874,0,0,,transition,10,0,1610,30,652,0
2,144,84,-1.889915846,-0.186987965,0.676243126,-2.089961197,-1.66783087,-0.306582036,0,1,47,task,10,0,1610,30,652,0
2,144,85,-1.893274256,-0.213997461,0.738602168,-2.124275625,-1.668259193,-0.309970487,0,0,,transition,10,0,1610,30,652,0
2,144,86,-1.896631342,-0.240936238,0.800875349,-2.158574781,-1.668687555,-0.31335761,0,1,48,task,10,0,1610,30,652,0
2,144,87,-1.900171737,-0.264112187,0.855121329,-2.188625927,-1.669003368,-0.316924768,0,0,,transition,10,0,1610,30,652,0
2,144,88,-1.903711101,-0.287243042,0.909327324,-2.218682079,-1.669319207,-0.320490892,0,1,49,task,10,0,1610,30,652,0
2,144,89,-1.911507547,-0.32831477,1.005792401,-2.270748728,-1.668488926,-0.32829117,0,1,50,task,30,0,1610,30,652,0
2,144,90,-1.920212398,-0.365639507,1.093033413,-2.315511042,-1.665676365,-0.336925873,0,1,51,task,30,0,1610,30,652,0
2,144,91,-1.928802441,-0.400168416,1.178163727,-2.365871375,-1.664812951,-0.345524914,0,1,52,task,30,0,1610,30,652,0
2,144,92,-1.937768459,-0.431998728,1.258487294,-2.414648647,-1.664136945,-0.35450919,0,1,53,task,30,0,1610,30,652,0
2,144,93,-1.947194667,-0.461508506,1.334540603,-2.46150821,-1.663455319,-0.363954662,0,1,54,task,30,0,1610,30,652,0
2,144,94,-1.95711664,-0.488988542,1.407021971,-2.506859998,-1.66276715,-0.373896972,0,1,55,task,30,0,1610,30,652,0
2,144,95,-1.982974834,-0.48633352,1.392860555,-2.497689285,-1.662234305,-0.399857958,0,1,56,task,10,0,1610,30,652,0
2,144,96,-1.972389825,-0.45856724,1.320406604,-2.452924224,-1.663216947,-0.38926339,0,1,57,task,30,0,1610,30,652,0
2,144,97,-1.962325016,-0.428759397,1.244301522,-2.406579672,-1.664197564,-0.379189765,0,1,58,task,30,0,1610,30,652,0
2,144,98,-1.952649281,-0.396689113,1.164892396,-2.360546061,-1.665521241,-0.36952443,0,1,59,task,30,0,1610,30,652,0
2,144,99,-1.94329212,-0.362107922,1.081807429,-2.315153238,-1.667350556,-0.360201035,0,1,60,task,30,0,1610,30,652,0
2,144,100,-1.934430625,-0.324405631,0.992188472,-2.266072392,-1.668930035,-0.351359824,0,1,61,task,30,0,1610,30,652,0
2,144,101,-1.926470453,-0.282697696,0.892731291,-2.209328149,-1.668556903,-0.343347993,0,1,62,task,30,0,1610,30,652,0
2,144,102,-1.922664784,-0.259049734,0.837158169,-2.177926277,-1.668376165,-0.339517364,0,0,,transition,10,0,1610,30,652,0
2,144,103,-1.918858026,-0.235359619,0.781553124,-2.146534526,-1.668195455,-0.33568564,0,1,63,task,10,0,1610,30,652,0
2,144,104,-1.915215461,-0.207550558,0.717154008,-2.110487121,-1.668020389,-0.33201891,0,0,,transition,10,0,1610,30,652,0
2,144,105,-1.911571429,-0.179674418,0.652680252,-2.074432009,-1.667845362,-0.328350707,0,1,64,task,10,0,1610,30,652,0
2,144,106,-1.908178698,-0.144649616,0.572716832,-2.030036774,-1.667275055,-0.324922159,0,0,,transition,10,0,1610,30,652,0
2,144,107,-1.904783904,-0.109470243,0.492513529,-1.985556032,-1.666704819,-0.321491539,0,1,65,task,10,0,1610,30,652,0
2,144,108,-1.924707504,-0.084137488,0.429077481,-1.948470886,-1.667163041,-0.341533381,0,1,66,task,10,0,1610,30,652,0
2,144,109,-1.92840184,-0.123178884,0.517695164,-1.997737656,-1.667264522,-0.3452502,0,0,,transition,10,0,1610,30,652,0
2,144,110,-1.932093538,-0.162018732,0.605987212,-2.046880081,-1.667366084,-0.34896437,0,1,67,task,10,0,1610,30,652,0
2,144,111,-1.935947803,-0.191685719,0.674376933,-2.08531123,-1.667469635,-0.352841932,0,0,,transition,10,0,1610,30,652,0
2,144,112,-1.939800468,-0.221279995,0.742685786,-2.123734068,-1.667573235,-0.356717888,0,1,68,task,10,0,1610,30,652,0
2,144,113,-1.943825402,-0.24605455,0.800661158,-2.156662474,-1.667678771,-0.360766996,0,0,,transition,10,0,1610,30,652,0
2,144,114,-1.947849183,-0.270786146,0.858605713,-2.189602908,-1.667784341,-0.364814948,0,1,69,task,10,0,1610,30,652,0
2,144,115,-1.952056226,-0.292396782,0.909959196,-2.219093845,-1.667891758,-0.369047111,0,0,,transition,10,0,1610,30,652,0
2,144,116,-1.956262377,-0.313975809,0.961298996,-2.248602622,-1.6679992,-0.373278377,0,1,70,task,10,0,1610,30,652,0
2,144,117,-1.965144341,-0.352636256,1.054421809,-2.302307488,-1.667919625,-0.382200775,0,1,71,task,30,0,1610,30,652,0
2,144,118,-1.974812024,-0.387977307,1.139583942,-2.350046137,-1.666505819,-0.391855364,0,1,72,task,30,0,1610,30,652,0
2,144,119,-1.984937431,-0.420559422,1.219307856,-2.39512505,-1.66512897,-0.401966803,0,1,73,task,30,0,1610,30,652,0
2,144,120,-1.995571236,-0.450839084,1.294693576,-2.438302364,-1.663727268,-0.41258407,0,1,74,task,30,0,1610,30,652,0
2,144,121,-2.006893394,-0.479204224,1.367117726,-2.48138624,-1.661820818,-0.423875413,0,1,75,task,30,0,1610,30,652,0
2,144,122,-2.033098475,-0.479115025,1.357130285,-2.472506588,-1.661970531,-0.450202044,0,1,76,task,10,0,1610,30,652,0
2,144,123,-2.021895932,-0.451148298,1.285079084,-2.429209564,-1.661449402,-0.438938223,0,1,77,task,30,0,1610,30,652,0
2,144,124,-2.011220867,-0.421107764,1.209231354,-2.384251866,-1.66094382,-0.428204342,0,1,78,task,30,0,1610,30,652,0
2,144,125,-2.001038106,-0.388666231,1.128823597,-2.337192712,-1.660453594,-0.417964998,0,1,79,task,30,0,1610,30,652,0
2,144,126,-1.991315427,-0.353361296,1.042801996,-2.287436609,-1.659978469,-0.408187761,0,1,80,task,30,0,1610,30,652,0
2,144,127,-1.982023262,-0.314512884,0.94964164,-2.234134997,-1.659518135,-0.39884288,0,1,81,task,30,0,1610,30,652,0
2,144,128,-1.977579307,-0.292801756,0.898321169,-2.205054043,-1.659295176,-0.394373405,0,0,,transition,10,0,1610,30,652,0
2,144,129,-1.973134446,-0.271059778,0.84698852,-2.175991681,-1.659072244,-0.389903024,0,1,82,task,10,0,1610,30,652,0
2,144,130,-1.968879816,-0.24614564,0.788933165,-2.143400491,-1.658856317,-0.385623637,0,0,,transition,10,0,1610,30,652,0
2,144,131,-1.964623984,-0.221190107,0.730850537,-2.110823316,-1.658640423,-0.381343045,0,1,83,task,10,0,1610,30,652,0
2,144,132,-1.960547272,-0.191288575,0.662139514,-2.072584071,-1.658431325,-0.377242274,0,0,,transition,10,0,1610,30,652,0
2,144,133,-1.956468843,-0.161318187,0.593356868,-2.034341908,-1.658222278,-0.37313978,0,1,84,task,10,0,1610,30,652,0
2,144,134,-1.95255978,-0.121735985,0.503691457,-1.984847883,-1.658019795,-0.369207293,0,0,,transition,10,0,1610,30,652,0
2,144,135,-1.948647775,-0.081964004,0.413729738,-1.935247069,-1.657817404,-0.365271856,0,1,85,task,10,0,1610,30,652,0
2,144,136,-1.957645515,-0.056405161,0.349985794,-1.896923905,-1.658712491,-0.374339908,0,0,,transition,10,0,1610,30,652,0
2,144,137,-1.966641494,-0.03090566,0.286426444,-1.85872593,-1.659607649,-0.383406201,0,1,86,task,10,0,1610,30,652,0
2,144,138,-1.969338681,-0.064468116,0.361587034,-1.899915211,-1.659766502,-0.386120484,0,0,,transition,30,0,1610,30,652,0
2,144,139,-1.972033984,-0.097844438,0.436416648,-1.940959484,-1.659925415,-0.388832879,0,0,,transition,10,0,1610,30,652,0
2,144,140,-1.974727382,-0.131100439,0.511062638,-1.981940285,-1.660084388,-0.391543361,0,1,87,task,10,0,1610,30,652,0
2,144,141,-1.978940681,-0.164848935,0.587773361,-2.024309231,-1.660330285,-0.395782967,0,0,,transition,10,0,1610,30,652,0
2,144,142,-1.983152035,-0.198519657,0.664407279,-2.066678973,-1.660576241,-0.400020623,0,1,88,task,10,0,1610,30,652,0
2,144,143,-1.98754487,-0.225608629,0.726803873,-2.101414826,-1.660829936,-0.404440501,0,0,,transition,10,0,1610,30,652,0
2,144,144,-1.991936475,-0.252654915,0.789176479,-2.136169266,-1.661083669,-0.408859144,0,1,89,task,10,0,1610,30,652,0
2,144,145,-1.996520385,-0.275832718,0.843278318,-2.166544559,-1.661345381,-0.413470907,0,0,,transition,10,0,1610,30,652,0
2,144,146,-2.001103432,-0.298979596,0.897370868,-2.196941411,-1.661607122,-0.418081804,0,1,90,task,10,0,1610,30,652,0
2,144,147,-2.010677516,-0.339962363,0.994415574,-2.25195514,-1.662147029,-0.427713372,0,1,91,task,30,0,1610,30,652,0
2,144,148,-2.020685399,-0.376961927,1.083310519,-2.30285523,-1.662703793,-0.437780703,0,1,92,task,30,0,1610,30,652,0
2,144,149,-2.031156027,-0.410815937,1.165919806,-2.350672019,-1.663277777,-0.448312948,0,1,93,task,30,0,1610,30,652,0
2,144,150,-2.042120854,-0.442079731,1.243494391,-2.396105381,-1.663869289,-0.459341784,0,1,94,task,30,0,1610,30,652,0
2,144,151,-2.053614101,-0.471139954,1.316920956,-2.439660005,-1.664478565,-0.470901685,0,1,95,task,30,0,1610,30,652,0
2,144,152,-2.081557447,-0.47586687,1.311186556,-2.428409232,-1.660815131,-0.498790547,0,1,96,task,10,0,1610,30,652,0
2,144,153,-2.069510373,-0.446733144,1.238338305,-2.38566616,-1.659998477,-0.486673265,0,1,97,task,30,0,1610,30,652,0
2,144,154,-2.058008136,-0.415422375,1.1613506,-2.341031434,-1.659204865,-0.475103418,0,1,98,task,30,0,1610,30,652,0
2,144,155,-2.047016291,-0.381549788,1.079345438,-2.294006816,-1.658433851,-0.464046291,0,1,99,task,30,0,1610,30,652,0
2,144,156,-2.036503087,-0.344563975,0.991084476,-2.243900791,-1.657684922,-0.453469888,0,1,100,task,30,0,1610,30,652,0
2,144,157,-2.026439225,-0.303634847,0.894723678,-2.189695217,-1.656957517,-0.443344693,0,1,101,task,30,0,1610,30,652,0
2,144,158,-2.021618833,-0.280540925,0.84101344,-2.159718546,-1.656604265,-0.438494472,0,0,,transition,10,0,1610,30,652,0
2,144,159,-2.016797636,-0.257418679,0.787298984,-2.129765917,-1.656251043,-0.433643445,0,1,102,task,10,0,1610,30,652,0
2,144,160,-2.012176057,-0.230468042,0.725386352,-2.095468381,-1.655907943,-0.428992787,0,0,,transition,10,0,1610,30,652,0
2,144,161,-2.007553291,-0.203480335,0.663461318,-2.061195416,-1.655564884,-0.424340939,0,1,103,task,10,0,1610,30,652,0
2,144,162,-2.003119115,-0.16999264,0.587464091,-2.019373554,-1.655231616,-0.419878357,0,0,,transition,10,0,1610,30,652,0
2,144,163,-1.998683018,-0.136444203,0.511426397,-1.977571806,-1.654898412,-0.415413848,0,1,104,task,10,0,1610,30,652,0
2,144,164,-1.995845699,-0.10352061,0.437657328,-1.937199342,-1.654682543,-0.412557997,0,0,,transition,30,0,1610,30,652,0
2,144,165,-1.993006467,-0.070519544,0.363797443,-1.896813373,-1.654466736,-0.409700228,0,0,,transition,10,0,1610,30,652,0
2,144,166,-1.990165341,-0.037409101,0.289773866,-1.856372932,-1.654250993,-0.406840559,0,1,105,task,10,0,1610,30,652,0
2,144,167,-1.963955008,-0.133246033,0.369838,-1.838524624,-1.649035306,-0.381413024,0,0,,transition,10,0,1610,30,652,0
2,144,168,-1.937744674,-0.229082964,0.449902133,-1.820676315,-1.643819619,-0.355985489,0,0,,transition,10,0,1610,30,652,0
2,144,169,-1.911534339,-0.324919895,0.529966266,-1.802828008,-1.638603932,-0.330557954,0,0,,transition,10,0,1610,30,652,0
2,144,170,-1.885324006,-0.420756826,0.6100304,-1.784979699,-1.633388245,-0.305130419,0,0,,transition,10,0,1610,30,652,0
2,144,171,-1.859113672,-0.516593757,0.690094533,-1.76713139,-1.628172558,-0.279702884,0,0,,transition,10,0,1610,30,652,0
2,144,172,-1.832903339,-0.612430688,0.770158666,-1.749283083,-1.62295687,-0.254275349,0,0,,transition,10,0,1610,30,652,0
2,144,173,-1.806693004,-0.70826762,0.8502228,-1.731434774,-1.617741184,-0.228847814,0,0,,transition,10,0,1610,30,652,0
2,144,174,-1.780482671,-0.804104551,0.930286933,-1.713586466,-1.612525496,-0.203420279,0,0,,transition,10,0,1610,30,652,0
2,144,175,-1.754272337,-0.899941482,1.010351067,-1.695738158,-1.60730981,-0.177992744,0,0,,transition,10,0,1610,30,652,0
2,144,176,-1.728062003,-0.995778413,1.0904152,-1.67788985,-1.602094123,-0.15256521,0,0,,transition,10,0,1610,30,652,0
2,144,177,-1.701851669,-1.091615344,1.170479333,-1.660041541,-1.596878435,-0.127137675,0,0,,transition,10,0,1610,30,652,0
2,144,178,-1.675641335,-1.187452276,1.250543467,-1.642193233,-1.591662749,-0.10171014,0,0,,transition,10,0,1610,30,652,0
2,144,179,-1.649431002,-1.283289206,1.3306076,-1.624344925,-1.586447061,-0.076282605,0,0,,transition,10,0,1610,30,652,0
2,144,180,-1.623220668,-1.379126137,1.410671733,-1.606496616,-1.581231374,-0.05085507,0,0,,transition,10,0,1610,30,652,0
2,144,181,-1.597010334,-1.474963069,1.490735867,-1.588648309,-1.576015687,-0.025427535,0,0,,transition,10,0,1610,30,652,0
2,144,182,-1.5708,-1.5708,1.5708,-1.5708,-1.5708,0,0,0,,home,30,0,1610,30,652,0
2,145,1,-1.5708,-1.5708,1.5708,-1.5708,-1.5708,0,0,0,,home,30,0,1610,30,652,0
2,145,2,-1.588827322,-1.470563157,1.519404761,-1.618284396,-1.5681529,-0.016958024,0,0,,transition,10,0,1610,30,652,0
2,145,3,-1.606854643,-1.370326312,1.468009521,-1.665768791,-1.5655058,-0.033916048,0,0,,transition,10,0,1610,30,652,0
2,145,4,-1.624881965,-1.270089469,1.416614282,-1.713253187,-1.5628587,-0.050874072,0,0,,transition,10,0,1610,30,652,0
2,145,5,-1.642909287,-1.169852625,1.365219043,-1.760737582,-1.560211599,-0.067832096,0,0,,transition,10,0,1610,30,652,0
2,145,6,-1.660936607,-1.069615782,1.313823803,-1.808221978,-1.5575645,-0.08479012,0,0,,transition,10,0,1610,30,652,0
2,145,7,-1.678963929,-0.969378938,1.262428564,-1.855706373,-1.554917399,-0.101748144,0,0,,transition,10,0,1610,30,652,0
2,145,8,-1.696991251,-0.869142094,1.211033325,-1.903190769,-1.5522703,-0.118706168,0,0,,transition,10,0,1610,30,652,0
2,145,9,-1.715018572,-0.768905251,1.159638085,-1.950675165,-1.549623199,-0.135664192,0,0,,transition,10,0,1610,30,652,0
2,145,10,-1.733045894,-0.668668407,1.108242847,-1.99815956,-1.546976099,-0.152622216,0,0,,transition,10,0,1610,30,652,0
2,145,11,-1.751073216,-0.568431563,1.056847608,-2.045643956,-1.544329,-0.16958024,0,0,,transition,10,0,1610,30,652,0
2,145,12,-1.769100537,-0.46819472,1.005452369,-2.093128351,-1.541681899,-0.186538264,0,0,,transition,10,0,1610,30,652,0
2,145,13,-1.787127859,-0.367957876,0.954057129,-2.140612747,-1.539034799,-0.203496289,0,0,,transition,10,0,1610,30,652,0
2,145,14,-1.805155181,-0.267721033,0.90266189,-2.188097143,-1.536387699,-0.220454313,0,1,1,task,10,0,1610,30,652,0
2,145,15,-1.802508748,-0.244629375,0.849861709,-2.162200872,-1.536768742,-0.217808248,0,0,,transition,10,0,1610,30,652,0
2,145,16,-1.799858064,-0.221470832,0.796971945,-2.13628209,-1.537149288,-0.215158006,0,1,2,task,10,0,1610,30,652,0
2,145,17,-1.797073922,-0.194628164,0.735414683,-2.104645682,-1.538555599,-0.212362549,0,0,,transition,10,0,1610,30,652,0
2,145,18,-1.794284058,-0.167684057,0.673703279,-2.07295698,-1.539961379,-0.2095614,0,1,3,task,10,0,1610,30,652,0
2,145,19,-1.803206745,-0.137490597,0.604501874,-2.034653232,-1.540559494,-0.218483658,0,0,,transition,10,0,1610,30,652,0
2,145,20,-1.812123194,-0.107187795,0.53513603,-1.996294669,-1.541157478,-0.227399674,0,1,4,task,10,0,1610,30,652,0
2,145,21,-1.814777283,-0.140225166,0.611908621,-2.039417959,-1.54085751,-0.230057505,0,0,,transition,10,0,1610,30,652,0
2,145,22,-1.817424161,-0.173106302,0.688431797,-2.082448318,-1.540557454,-0.232708122,0,1,5,task,10,0,1610,30,652,0
2,145,23,-1.820373164,-0.199466788,0.749765288,-2.115226414,-1.539585168,-0.235666611,0,0,,transition,10,0,1610,30,652,0
2,145,24,-1.823316719,-0.225742306,0.810980655,-2.14797166,-1.538612544,-0.238619666,0,1,6,task,10,0,1610,30,652,0
2,145,25,-1.829328284,-0.270696863,0.911183092,-2.191806618,-1.537263221,-0.24463114,0,1,7,task,30,0,1610,30,652,0
2,145,26,-1.850544373,-0.251365881,0.865929685,-2.16421084,-1.538128989,-0.26584763,0,1,8,task,10,0,1610,30,652,0
2,145,27,-1.843823743,-0.205500402,0.766731707,-2.127449198,-1.540606745,-0.259120063,0,1,9,task,30,0,1610,30,652,0
2,145,28,-1.840877904,-0.17697349,0.699423098,-2.089116105,-1.540790679,-0.256171099,0,0,,transition,10,0,1610,30,652,0
2,145,29,-1.837926245,-0.148360833,0.632004079,-2.050758541,-1.540974544,-0.253216312,0,1,10,task,10,0,1610,30,652,0
2,145,30,-1.840535468,-0.117677205,0.563511006,-2.022240894,-1.565023409,-0.255785914,0,0,,transition,10,0,1610,30,652,0
2,145,31,-1.843129918,-0.086743715,0.494516362,-1.993500257,-1.589061288,-0.258338529,0,1,11,task,10,0,1610,30,652,0
2,145,32,-1.846002991,-0.121786808,0.575523498,-2.038900475,-1.589149932,-0.261213965,0,0,,transition,10,0,1610,30,652,0
2,145,33,-1.848870473,-0.156606238,0.656139765,-2.08413338,-1.589238622,-0.264083811,0,1,12,task,10,0,1610,30,652,0
2,145,34,-1.851674189,-0.183571537,0.717079949,-2.113997125,-1.590107214,-0.26689756,0,0,,transition,10,0,1610,30,652,0
2,145,35,-1.85447492,-0.210415425,0.777819582,-2.143781655,-1.590975755,-0.26970838,0,1,13,task,10,0,1610,30,652,0
2,145,36,-1.859917988,-0.256511789,0.879604611,-2.187549964,-1.594301703,-0.27515119,0,1,14,task,30,0,1610,30,652,0
2,145,37,-1.864926482,-0.298762333,0.971417266,-2.225343022,-1.60017549,-0.280134207,0,1,15,task,30,0,1610,30,652,0
2,145,38,-1.872270949,-0.337759182,1.06642632,-2.280786909,-1.598460441,-0.287463313,0,1,16,task,30,0,1610,30,652,0
2,145,39,-1.88002168,-0.373153328,1.154493058,-2.333097794,-1.596604451,-0.295199612,0,1,17,task,30,0,1610,30,652,0
2,145,40,-1.888164229,-0.405611066,1.236926554,-2.382691308,-1.594763474,-0.303328072,0,1,18,task,30,0,1610,30,652,0
2,145,41,-1.896728635,-0.43559466,1.314795589,-2.430172577,-1.592938946,-0.311878751,0,1,19,task,30,0,1610,30,652,0
2,145,42,-1.905748041,-0.463429034,1.388876391,-2.475991385,-1.591132485,-0.320884809,0,1,20,task,30,0,1610,30,652,0
2,145,43,-1.915259093,-0.489347528,1.459753601,-2.520497387,-1.589345908,-0.330382912,0,1,21,task,30,0,1610,30,652,0
2,145,44,-1.935826015,-0.483859847,1.43543589,-2.498998184,-1.605643474,-0.351014876,0,1,22,task,10,0,1610,30,652,0
2,145,45,-1.92674527,-0.457140164,1.364767318,-2.456316115,-1.6045379,-0.341941348,0,1,23,task,30,0,1610,30,652,0
2,145,46,-1.918120631,-0.428536944,1.290843432,-2.412295085,-1.603467669,-0.333323247,0,1,24,task,30,0,1610,30,652,0
2,145,47,-1.909919017,-0.397802732,1.213059212,-2.366574688,-1.602430571,-0.325127484,0,1,25,task,30,0,1610,30,652,0
2,145,48,-1.902110429,-0.364594169,1.130607457,-2.318688546,-1.601424567,-0.317324062,0,1,26,task,30,0,1610,30,652,0
2,145,49,-1.894931855,-0.328434854,1.044083661,-2.271526034,-1.599489047,-0.310156549,0,1,27,task,30,0,1610,30,652,0
2,145,50,-1.888389551,-0.288887815,0.952751267,-2.225235724,-1.596430587,-0.303626271,0,1,28,task,30,0,1610,30,652,0
2,145,51,-1.882124911,-0.245036654,0.852438788,-2.174313948,-1.593445523,-0.297364311,0,1,29,task,30,0,1610,30,652,0
2,145,52,-1.878953148,-0.220702058,0.796246495,-2.145286261,-1.592657497,-0.294193269,0,0,,transition,10,0,1610,30,652,0
2,145,53,-1.875778812,-0.196298627,0.739964347,-2.116237482,-1.591869407,-0.291019679,0,1,30,task,10,0,1610,30,652,0
2,145,54,-1.87271759,-0.167490054,0.674107977,-2.082036034,-1.591194304,-0.287954882,0,0,,transition,10,0,1610,30,652,0
2,145,55,-1.869652877,-0.13855818,0.608055536,-2.047761728,-1.590519142,-0.284886619,0,1,31,task,10,0,1610,30,652,0
2,145,56,-1.891124187,-0.127411783,0.578444159,-2.025902061,-1.591333338,-0.306367233,0,1,32,task,10,0,1610,30,652,0
2,145,57,-1.894460067,-0.157711928,0.648137138,-2.063456939,-1.591822005,-0.309704479,0,0,,transition,10,0,1610,30,652,0
2,145,58,-1.897792072,-0.187895835,0.717656092,-2.100953932,-1.59231062,-0.313037861,0,1,33,task,10,0,1610,30,652,0
2,145,59,-1.901256007,-0.213050346,0.776241902,-2.132562497,-1.592885643,-0.316501414,0,0,,transition,10,0,1610,30,652,0
2,145,60,-1.90471712,-0.23814235,0.834755223,-2.164161002,-1.593460608,-0.319962155,0,1,34,task,10,0,1610,30,652,0
2,145,61,-1.90821902,-0.260522831,0.886619832,-2.191874374,-1.594491689,-0.323464477,0,0,,transition,10,0,1610,30,652,0
2,145,62,-1.911718883,-0.282858214,0.938442454,-2.219590801,-1.595522745,-0.326964765,0,1,35,task,10,0,1610,30,652,0
2,145,63,-1.919037206,-0.322899725,1.032408325,-2.270010569,-1.597638379,-0.334279944,0,1,36,task,30,0,1610,30,652,0
2,145,64,-1.926693719,-0.359378884,1.119113521,-2.316772202,-1.59981076,-0.341929178,0,1,37,task,30,0,1610,30,652,0
2,145,65,-1.934789387,-0.392950511,1.200518517,-2.361644167,-1.601776142,-0.350015322,0,1,38,task,30,0,1610,30,652,0
2,145,66,-1.943512504,-0.423916161,1.278329182,-2.406896029,-1.603013676,-0.358732565,0,1,39,task,30,0,1610,30,652,0
2,145,67,-1.952678511,-0.45273742,1.352210298,-2.450397871,-1.604289951,-0.367891714,0,1,40,task,30,0,1610,30,652,0
2,145,68,-1.962321318,-0.479670303,1.42278063,-2.492515762,-1.605607467,-0.377526686,0,1,41,task,30,0,1610,30,652,0
2,145,69,-1.988795689,-0.475333261,1.410215145,-2.486677857,-1.605213903,-0.404020792,0,1,42,task,10,0,1610,30,652,0
2,145,70,-1.978632701,-0.448200546,1.339896703,-2.445395231,-1.603590521,-0.393866198,0,1,43,task,30,0,1610,30,652,0
2,145,71,-1.96896438,-0.419181075,1.266228972,-2.402701862,-1.602012973,-0.384204738,0,1,44,task,30,0,1610,30,652,0
2,145,72,-1.959831,-0.387855569,1.188879225,-2.359078111,-1.600221409,-0.375077856,0,1,45,task,30,0,1610,30,652,0
2,145,73,-1.951119658,-0.354053672,1.106746101,-2.313190054,-1.59848053,-0.366370757,0,1,46,task,30,0,1610,30,652,0
2,145,74,-1.942802326,-0.317261191,1.018665891,-2.264384654,-1.59678742,-0.358055455,0,1,47,task,30,0,1610,30,652,0
2,145,75,-1.934853355,-0.276712159,0.922929103,-2.211715223,-1.595139367,-0.350106348,0,1,48,task,30,0,1610,30,652,0
2,145,76,-1.931052383,-0.25397083,0.869901236,-2.182704451,-1.594336619,-0.346304251,0,0,,transition,10,0,1610,30,652,0
2,145,77,-1.927249231,-0.231186936,0.816838334,-2.153701145,-1.593533842,-0.342499976,0,1,49,task,10,0,1610,30,652,0
2,145,78,-1.923532637,-0.205394628,0.75654871,-2.120526241,-1.593055021,-0.338783314,0,0,,transition,10,0,1610,30,652,0
2,145,79,-1.919813099,-0.179542997,0.696196135,-2.087347627,-1.592576153,-0.335063712,0,1,50,task,10,0,1610,30,652,0
2,145,80,-1.916236461,-0.148102499,0.623648879,-2.047579457,-1.592179646,-0.331486229,0,0,,transition,10,0,1610,30,652,0
2,145,81,-1.912655688,-0.116547844,0.550937631,-2.00776135,-1.591783098,-0.327904616,0,1,51,task,10,0,1610,30,652,0
2,145,82,-1.909226932,-0.072782443,0.451656512,-1.953592777,-1.591405462,-0.324473852,0,0,,transition,10,0,1610,30,652,0
2,145,83,-1.905790834,-0.028573978,0.351545701,-1.899037411,-1.591027807,-0.32103575,0,1,52,task,10,0,1610,30,652,0
2,145,84,-1.919230216,-0.059146761,0.419538472,-1.934950679,-1.591488864,-0.334479487,0,0,,transition,10,0,1610,30,652,0
2,145,85,-1.932667421,-0.089392233,0.486877525,-1.970537515,-1.591949995,-0.347921055,0,1,53,task,10,0,1610,30,652,0
2,145,86,-1.936448101,-0.124196427,0.566765057,-2.014580368,-1.592287891,-0.351702615,0,0,,transition,10,0,1610,30,652,0
2,145,87,-1.940223969,-0.158859012,0.646441824,-2.058553951,-1.592625758,-0.355479365,0,1,54,task,10,0,1610,30,652,0
2,145,88,-1.944164426,-0.186322001,0.710530812,-2.094149664,-1.592990294,-0.359420009,0,0,,transition,10,0,1610,30,652,0
2,145,89,-1.948101647,-0.213721814,0.774553804,-2.129742474,-1.593354791,-0.363357418,0,1,55,task,10,0,1610,30,652,0
2,145,90,-1.952140503,-0.237571846,0.830041771,-2.160399015,-1.594017187,-0.367397919,0,0,,transition,10,0,1610,30,652,0
2,145,91,-1.956176998,-0.261378187,0.88549501,-2.191064451,-1.594679558,-0.37143606,0,1,56,task,10,0,1610,30,652,0
2,145,92,-1.964615759,-0.303399342,0.984644767,-2.246260633,-1.596039401,-0.37987689,0,1,57,task,30,0,1610,30,652,0
2,145,93,-1.973442386,-0.341267956,1.07527487,-2.297122713,-1.597436319,-0.388704349,0,1,58,task,30,0,1610,30,652,0
2,145,94,-1.982683518,-0.375885176,1.15938925,-2.344756322,-1.598872456,-0.397945066,0,1,59,task,30,0,1610,30,652,0
2,145,95,-1.992368207,-0.407842802,1.238319915,-2.389904832,-1.600350097,-0.407628099,0,1,60,task,30,0,1610,30,652,0
2,145,96,-2.0025282,-0.437550159,1.313004877,-2.433100441,-1.60187168,-0.417785203,0,1,61,task,30,0,1610,30,652,0
2,145,97,-2.013111418,-0.465273217,1.383786053,-2.473990569,-1.603724448,-0.428362202,0,1,62,task,30,0,1610,30,652,0
2,145,98,-2.040815558,-0.463256306,1.378913489,-2.474537066,-1.602327065,-0.456088443,0,1,63,task,10,0,1610,30,652,0
2,145,99,-2.029440503,-0.435630151,1.307863921,-2.432455619,-1.600972775,-0.444713831,0,1,64,task,30,0,1610,30,652,0
2,145,100,-2.01860545,-0.406027129,1.233213536,-2.388794751,-1.599658113,-0.433878618,0,1,65,task,30,0,1610,30,652,0
2,145,101,-2.008274108,-0.374149885,1.15426502,-2.343150809,-1.598380994,-0.423546463,0,1,66,task,30,0,1610,30,652,0
2,145,102,-1.998413245,-0.339582735,1.070067542,-2.294985327,-1.597139445,-0.413684105,0,1,67,task,30,0,1610,30,652,0
2,145,103,-1.988992399,-0.301723458,0.979267175,-2.243543602,-1.595931604,-0.404261052,0,1,68,task,30,0,1610,30,652,0
2,145,104,-1.979983594,-0.259652287,0.879819932,-2.18769871,-1.594755718,-0.395249314,0,1,69,task,30,0,1610,30,652,0
2,145,105,-1.975673515,-0.235770968,0.8241101,-2.156650503,-1.594182937,-0.390937402,0,0,,transition,10,0,1610,30,652,0
2,145,106,-1.971361103,-0.211849018,0.768372443,-2.125615036,-1.593610135,-0.386623157,0,1,70,task,10,0,1610,30,652,0
2,145,107,-1.967185607,-0.184156448,0.7038226,-2.089578754,-1.593236124,-0.382446915,0,0,,transition,10,0,1610,30,652,0
2,145,108,-1.963006933,-0.156405269,0.639217624,-2.053545866,-1.592862088,-0.378267497,0,1,71,task,10,0,1610,30,652,0
2,145,109,-1.958990293,-0.121318426,0.558523581,-2.008777404,-1.592559489,-0.374250057,0,0,,transition,10,0,1610,30,652,0
2,145,110,-1.954968832,-0.086103552,0.477650772,-1.963958092,-1.592256868,-0.370227798,0,1,72,task,10,0,1610,30,652,0
2,145,111,-1.952403017,-0.048525689,0.39290499,-1.917354861,-1.592064223,-0.367661114,0,0,,transition,30,0,1610,30,652,0
2,145,112,-1.949832095,-0.010632919,0.307569093,-1.870476309,-1.591871574,-0.365089322,0,0,,transition,10,0,1610,30,652,0
2,145,113,-1.947256178,0.027886832,0.220954581,-1.822946016,-1.59167893,-0.362512536,0,1,73,task,10,0,1610,30,652,0
2,145,114,-1.960189914,-0.003138784,0.289629807,-1.859937999,-1.591953387,-0.375449649,0,0,,transition,10,0,1610,30,652,0
2,145,115,-1.973121496,-0.033570667,0.357062113,-1.896280761,-1.592227884,-0.38838461,0,1,74,task,10,0,1610,30,652,0
2,145,116,-1.977291092,-0.076923709,0.455634711,-1.950803101,-1.592498614,-0.392555215,0,0,,transition,10,0,1610,30,652,0
2,145,117,-1.981453884,-0.120031417,0.553810544,-2.005173853,-1.592769332,-0.396719016,0,1,75,task,10,0,1610,30,652,0
2,145,118,-1.985798471,-0.151127585,0.625862462,-2.045440957,-1.59305252,-0.401064248,0,0,,transition,10,0,1610,30,652,0
2,145,119,-1.990139254,-0.182150894,0.697840238,-2.085706685,-1.593335689,-0.405405677,0,1,76,task,10,0,1610,30,652,0
2,145,120,-1.99461916,-0.208098588,0.757970602,-2.11924568,-1.593826303,-0.409887616,0,0,,transition,10,0,1610,30,652,0
2,145,121,-1.999096438,-0.234000804,0.818068173,-2.152797291,-1.594316901,-0.414366926,0,1,77,task,10,0,1610,30,652,0
2,145,122,-2.003770341,-0.256441585,0.870740165,-2.182400562,-1.594831537,-0.419042739,0,0,,transition,10,0,1610,30,652,0
2,145,123,-2.008442214,-0.278849358,0.923397227,-2.212021852,-1.595346156,-0.423716523,0,1,78,task,10,0,1610,30,652,0
2,145,124,-2.018207983,-0.318742861,1.018435673,-2.265940724,-1.59640271,-0.433485691,0,1,79,task,30,0,1610,30,652,0
2,145,125,-2.028421579,-0.354882147,1.105839021,-2.316011054,-1.597487971,-0.443702296,0,1,80,task,30,0,1610,30,652,0
2,145,126,-2.039113243,-0.388022797,1.187292903,-2.363165618,-1.59860342,-0.454396609,0,1,81,task,30,0,1610,30,652,0
2,145,127,-2.050315861,-0.41867261,1.263945405,-2.408047722,-1.599750615,-0.465601561,0,1,82,task,30,0,1610,30,652,0
2,145,128,-2.062065246,-0.447188445,1.33661921,-2.451126524,-1.600931186,-0.47735302,0,1,83,task,30,0,1610,30,652,0
2,145,129,-2.08754578,-0.484353652,1.42763023,-2.500461838,-1.613590069,-0.502973957,0,0,,transition,10,0,1610,30,652,0
2,145,130,-2.113049355,-0.521327734,1.518605413,-2.549962489,-1.626252504,-0.528617904,0,0,,transition,10,0,1610,30,652,0
2,145,131,-2.138580861,-0.558088571,1.609561602,-2.599668656,-1.638918907,-0.554289951,0,0,,transition,10,0,1610,30,652,0
2,145,132,-2.164146164,-0.594605779,1.700514557,-2.649628039,-1.651589805,-0.579996207,0,1,84,task,10,0,1610,30,652,0
2,145,133,-2.148276526,-0.573449888,1.641351029,-2.60979947,-1.648785113,-0.563996483,0,1,85,task,30,0,1610,30,652,0
2,145,134,-2.140387468,-0.548946121,1.58299694,-2.575832765,-1.624550626,-0.555589903,0,1,86,task,10,0,1610,30,652,0
2,145,135,-2.131262486,-0.522138811,1.535372185,-2.575003073,-1.60547953,-0.546604199,0,1,87,task,30,0,1610,30,652,0
2,145,136,-2.113615967,-0.499450589,1.474305323,-2.541819586,-1.614659139,-0.529166505,0,1,88,task,30,0,1610,30,652,0
2,145,137,-2.096823074,-0.475276498,1.410648323,-2.5072044,-1.62394134,-0.512617071,0,1,89,task,30,0,1610,30,652,0
2,145,138,-2.08268745,-0.449448327,1.342436709,-2.466351667,-1.62704167,-0.498560715,0,1,90,task,30,0,1610,30,652,0
2,145,139,-2.069214638,-0.421756862,1.270879977,-2.423968924,-1.630192592,-0.485168606,0,1,91,task,30,0,1610,30,652,0
2,145,140,-2.056361978,-0.391954004,1.19539348,-2.379722134,-1.633389667,-0.472398034,0,1,92,task,30,0,1610,30,652,0
2,145,141,-2.044090125,-0.359699029,1.11519401,-2.333171203,-1.636628907,-0.460209601,0,1,93,task,30,0,1610,30,652,0
2,145,142,-2.032362769,-0.324510151,1.02919367,-2.283712296,-1.63990672,-0.448566939,0,1,94,task,30,0,1610,30,652,0
2,145,143,-2.021146373,-0.285676312,0.935806778,-2.230472943,-1.643219864,-0.43743645,0,1,95,task,30,0,1610,30,652,0
2,145,144,-2.015779166,-0.263893876,0.884191228,-2.201278271,-1.644892655,-0.432112772,0,0,,transition,10,0,1610,30,652,0
2,145,145,-2.010409931,-0.242080355,0.832562846,-2.172101855,-1.64656541,-0.426787067,0,1,96,task,10,0,1610,30,652,0
2,145,146,-2.027922998,-0.209269335,0.757187726,-2.139732867,-1.643931761,-0.44433604,0,1,97,task,10,0,1610,30,652,0
2,145,147,-2.032672568,-0.232722238,0.810315686,-2.166743169,-1.64500575,-0.449115175,0,0,,transition,10,0,1610,30,652,0
2,145,148,-2.037421544,-0.256118947,0.863376129,-2.193742149,-1.646079863,-0.453893732,0,1,98,task,10,0,1610,30,652,0
2,145,149,-2.047612415,-0.297913994,0.961077257,-2.247152501,-1.64720266,-0.464124973,0,1,99,task,30,0,1610,30,652,0
2,145,150,-2.05844659,-0.335632178,1.051765207,-2.299410349,-1.647653726,-0.474993781,0,1,100,task,30,0,1610,30,652,0
2,145,151,-2.069773209,-0.369973562,1.135651062,-2.348292506,-1.648123151,-0.486356456,0,1,101,task,30,0,1610,30,652,0
2,145,152,-2.081624733,-0.401564714,1.21413802,-2.394579305,-1.648611336,-0.498245621,0,1,102,task,30,0,1610,30,652,0
2,145,153,-2.094036337,-0.430836226,1.288204673,-2.438822795,-1.649118621,-0.510696633,0,1,103,task,30,0,1610,30,652,0
2,145,154,-2.107046178,-0.458095451,1.358564357,-2.481433381,-1.649645271,-0.523747852,0,1,104,task,30,0,1610,30,652,0
2,145,155,-2.120695675,-0.483567382,1.425754825,-2.522728663,-1.650191448,-0.537440926,0,1,105,task,30,0,1610,30,652,0
2,145,156,-2.135029833,-0.507419159,1.49019218,-2.562962902,-1.650757188,-0.551821112,0,1,106,task,30,0,1610,30,652,0
2,145,157,-2.149957351,-0.530105501,1.55106112,-2.599083728,-1.651752581,-0.566778206,0,1,107,task,30,0,1610,30,652,0
2,145,158,-2.164089342,-0.556211705,1.597041174,-2.596596047,-1.657073628,-0.580533569,0,1,108,task,30,0,1610,30,652,0
2,145,159,-2.180870378,-0.578347242,1.654772072,-2.630495562,-1.657143897,-0.597261501,0,1,109,task,30,0,1610,30,652,0
2,145,160,-2.198533305,-0.599358945,1.710719718,-2.663811073,-1.657311213,-0.614868789,0,1,110,task,30,0,1610,30,652,0
2,145,161,-2.214752891,-0.581647804,1.65627206,-2.631581652,-1.657659822,-0.631265466,0,1,111,task,10,0,1610,30,652,0
2,145,162,-2.197162467,-0.559694637,1.59998449,-2.599573339,-1.657547769,-0.613750917,0,1,112,task,30,0,1610,30,652,0
2,145,163,-2.181745508,-0.535394031,1.549470165,-2.58703887,-1.653588138,-0.598574881,0,1,113,task,30,0,1610,30,652,0
2,145,164,-2.166682077,-0.511442515,1.494191896,-2.564891004,-1.650720104,-0.583573773,0,1,114,task,30,0,1610,30,652,0
2,145,165,-2.151630044,-0.487896018,1.430928435,-2.525677363,-1.650028048,-0.568471567,0,1,115,task,30,0,1610,30,652,0
2,145,166,-2.137284707,-0.462779681,1.364975027,-2.485422227,-1.649360492,-0.554078569,0,1,116,task,30,0,1610,30,652,0
2,145,167,-2.12360095,-0.435935098,1.295939956,-2.443886514,-1.648717276,-0.540349378,0,1,117,task,30,0,1610,30,652,0
2,145,168,-2.110537082,-0.407150478,1.223318875,-2.400772389,-1.6480981,-0.527242054,0,1,118,task,30,0,1610,30,652,0
2,145,169,-2.09805456,-0.376138589,1.14644633,-2.355696795,-1.647502558,-0.514717826,0,1,119,task,30,0,1610,30,652,0
2,145,170,-2.08611773,-0.342500432,1.064416137,-2.308148121,-1.646930165,-0.502740843,0,1,120,task,30,0,1610,30,652,0
2,145,171,-2.074713038,-0.305677232,0.976101739,-2.25771435,-1.646308,-0.491296471,0,1,121,task,30,0,1610,30,652,0
2,145,172,-2.064018321,-0.265101912,0.88162203,-2.206907207,-1.644835229,-0.480549907,0,1,122,task,30,0,1610,30,652,0
2,145,173,-2.058886794,-0.242247873,0.828955427,-2.178675113,-1.64413089,-0.475390963,0,0,,transition,10,0,1610,30,652,0
2,145,174,-2.053754591,-0.219349696,0.776247552,-2.150445857,-1.64342661,-0.470231347,0,1,123,task,10,0,1610,30,652,0
2,145,175,-2.061131527,-0.195789324,0.720114423,-2.119915908,-1.642611253,-0.477610777,0,0,,transition,10,0,1610,30,652,0
2,145,176,-2.068507023,-0.172194881,0.66396218,-2.089400783,-1.64179585,-0.484988764,0,1,124,task,10,0,1610,30,652,0
2,145,177,-2.07373879,-0.198460731,0.724153729,-2.122254656,-1.64228764,-0.490246993,0,0,,transition,10,0,1610,30,652,0
2,145,178,-2.078969478,-0.224670146,0.784286523,-2.155106141,-1.64277948,-0.495504142,0,1,125,task,10,0,1610,30,652,0
2,145,179,-2.08441785,-0.247235439,0.836605962,-2.183816056,-1.643292331,-0.500978764,0,0,,transition,10,0,1610,30,652,0
2,145,180,-2.089865546,-0.269762884,0.888897314,-2.212535692,-1.643805222,-0.506452711,0,1,126,task,10,0,1610,30,652,0
2,145,181,-2.101220956,-0.309759916,0.982814402,-2.264426639,-1.644874836,-0.517860322,0,1,127,task,30,0,1610,30,652,0
2,145,182,-2.113083521,-0.345949943,1.06897581,-2.312567406,-1.64591648,-0.529773701,0,1,128,task,30,0,1610,30,652,0
2,145,183,-2.125567293,-0.379141338,1.149573993,-2.358860094,-1.646637116,-0.542302979,0,1,129,task,30,0,1610,30,652,0
2,145,184,-2.138611651,-0.409789641,1.2251587,-2.402746513,-1.647387561,-0.555394212,0,1,130,task,30,0,1610,30,652,0
2,145,185,-2.152252109,-0.438275378,1.296591731,-2.444712829,-1.64816857,-0.569083132,0,1,131,task,30,0,1610,30,652,0
2,145,186,-2.166526909,-0.464874178,1.364508577,-2.485124243,-1.648980821,-0.58340823,0,1,132,task,30,0,1610,30,652,0
2,145,187,-2.181477246,-0.489790485,1.429392255,-2.524265144,-1.649824886,-0.59841098,0,1,133,task,30,0,1610,30,652,0
2,145,188,-2.197147495,-0.513178205,1.491618582,-2.562363796,-1.650701198,-0.614136076,0,1,134,task,30,0,1610,30,652,0
2,145,189,-2.212795775,-0.537376293,1.545747799,-2.58262382,-1.653874213,-0.629713258,0,1,135,task,30,0,1610,30,652,0
2,145,190,-2.229031867,-0.56081443,1.597485486,-2.600610645,-1.657576584,-0.645794078,0,1,136,task,30,0,1610,30,652,0
2,145,191,-2.247211018,-0.582770595,1.651804716,-2.6290616,-1.658060247,-0.663853474,0,1,137,task,30,0,1610,30,652,0
2,145,192,-2.264359064,-0.565660567,1.603639902,-2.605797083,-1.65747451,-0.681271425,0,1,138,task,10,0,1610,30,652,0
2,145,193,-2.247029567,-0.543109938,1.551009651,-2.582697269,-1.654498471,-0.66403149,0,1,139,task,30,0,1610,30,652,0
2,145,194,-2.230422494,-0.519560255,1.496474628,-2.55884725,-1.651778352,-0.647476012,0,1,140,task,30,0,1610,30,652,0
2,145,195,-2.214299248,-0.495669796,1.437925691,-2.528530395,-1.64989598,-0.631336474,0,1,141,task,30,0,1610,30,652,0
2,145,196,-2.19866404,-0.471213813,1.374733884,-2.490981328,-1.648769597,-0.615642226,0,1,142,task,30,0,1610,30,652,0
2,145,197,-2.183720331,-0.445156778,1.308633419,-2.452216155,-1.647687188,-0.600641244,0,1,143,task,30,0,1610,30,652,0
2,145,198,-2.169427485,-0.417311637,1.23918447,-2.41197539,-1.646647722,-0.586292564,0,1,144,task,30,0,1610,30,652,0
2,145,199,-2.155747595,-0.387428682,1.165812717,-2.36992826,-1.645650069,-0.572557998,0,1,145,task,30,0,1610,30,652,0
2,145,200,-2.14263756,-0.355186508,1.087663543,-2.325432544,-1.644720018,-0.559394127,0,1,146,task,30,0,1610,30,652,0
2,145,201,-2.130061579,-0.320101321,1.003588762,-2.277753632,-1.643868402,-0.546765236,0,1,147,task,30,0,1610,30,652,0
2,145,202,-2.118002101,-0.281422619,0.912134535,-2.226350584,-1.643048441,-0.534653844,0,1,148,task,30,0,1610,30,652,0
2,145,203,-2.112216419,-0.259741552,0.861489828,-2.198101998,-1.64265381,-0.528842618,0,0,,transition,10,0,1610,30,652,0
2,145,204,-2.106430164,-0.23802877,0.810828294,-2.169868267,-1.642259209,-0.523030818,0,1,149,task,10,0,1610,30,652,0
2,145,205,-2.100874913,-0.213023838,0.753130937,-2.137917775,-1.641879465,-0.517450361,0,0,,transition,10,0,1610,30,652,0
2,145,206,-2.095318742,-0.187974868,0.695398425,-2.105976108,-1.64149976,-0.511868983,0,1,150,task,10,0,1610,30,652,0
2,145,207,-2.10132304,-0.154715502,0.617242795,-2.062443388,-1.640885443,-0.517873449,0,0,,transition,10,0,1610,30,652,0
2,145,208,-2.107324666,-0.121403211,0.539070347,-2.018946559,-1.640271141,-0.523875236,0,1,151,task,10,0,1610,30,652,0
2,145,209,-2.112890341,-0.152417886,0.609670422,-2.057981536,-1.640556059,-0.529464748,0,0,,transition,10,0,1610,30,652,0
2,145,210,-2.118454489,-0.183361148,0.680195018,-2.097012345,-1.640841032,-0.535052731,0,1,152,task,10,0,1610,30,652,0
2,145,211,-2.124244662,-0.208726164,0.7386567,-2.12958276,-1.641135976,-0.540867249,0,0,,transition,10,0,1610,30,652,0
2,145,212,-2.13003393,-0.234050369,0.797091024,-2.162166572,-1.641430955,-0.54668086,0,1,153,task,10,0,1610,30,652,0
2,145,213,-2.136061508,-0.255938408,0.8481713,-2.190858373,-1.641736118,-0.552733355,0,0,,transition,10,0,1610,30,652,0
2,145,214,-2.14208853,-0.277796784,0.899239323,-2.219567551,-1.642041309,-0.558785295,0,1,154,task,10,0,1610,30,652,0
2,145,215,-2.154645589,-0.316673864,0.991191548,-2.271696963,-1.642672437,-0.571393483,0,1,155,task,30,0,1610,30,652,0
2,145,216,-2.167734285,-0.351861808,1.075546768,-2.319977484,-1.643324618,-0.584534766,0,1,156,task,30,0,1610,30,652,0
2,145,217,-2.181385813,-0.384104598,1.153952001,-2.365316258,-1.643998049,-0.598240519,0,1,157,task,30,0,1610,30,652,0
2,145,218,-2.195485377,-0.413997419,1.226735111,-2.406458324,-1.645204082,-0.612404261,0,1,158,task,30,0,1610,30,652,0
2,145,219,-2.210142103,-0.441906106,1.295283128,-2.445065137,-1.646657238,-0.627128289,0,1,159,task,30,0,1610,30,652,0
2,145,220,-2.225444719,-0.46805786,1.360480264,-2.4821758,-1.648172661,-0.642498274,0,1,160,task,30,0,1610,30,652,0
2,145,221,-2.241431527,-0.492640904,1.422762403,-2.518045858,-1.649752241,-0.658552885,0,1,161,task,30,0,1610,30,652,0
2,145,222,-2.258008573,-0.516824562,1.48067797,-2.547167608,-1.651744472,-0.675142397,0,1,162,task,30,0,1610,30,652,0
2,145,223,-2.27527119,-0.540112582,1.535929428,-2.573909692,-1.654003844,-0.69238488,0,1,163,task,30,0,1610,30,652,0
2,145,224,-2.293288386,-0.56234487,1.589188782,-2.599862096,-1.656462358,-0.71036116,0,1,164,task,30,0,1610,30,652,0
2,145,225,-2.311687085,-0.546958095,1.544157894,-2.576357483,-1.654504307,-0.728899332,0,1,165,task,10,0,1610,30,652,0
2,145,226,-2.293503428,-0.524338511,1.489595075,-2.548313678,-1.652490752,-0.71072047,0,1,166,task,30,0,1610,30,652,0
2,145,227,-2.276070777,-0.500576498,1.432852304,-2.519365554,-1.650633307,-0.693280805,0,1,167,task,30,0,1610,30,652,0
2,145,228,-2.259451617,-0.475964349,1.373434146,-2.488173707,-1.648559252,-0.676615064,0,1,168,task,30,0,1610,30,652,0
2,145,229,-2.243629347,-0.450392749,1.310985977,-2.454405176,-1.646169086,-0.660707466,0,1,169,task,30,0,1610,30,652,0
2,145,230,-2.228450645,-0.423214461,1.245432932,-2.419264021,-1.643879171,-0.645439186,0,1,170,task,30,0,1610,30,652,0
2,145,231,-2.213559782,-0.394322478,1.174597716,-2.37865152,-1.642823596,-0.630480836,0,1,171,task,30,0,1610,30,652,0
2,145,232,-2.199139498,-0.363201234,1.098499341,-2.334165603,-1.642307052,-0.616006106,0,1,172,task,30,0,1610,30,652,0
2,145,233,-2.185308811,-0.329332019,1.016874247,-2.28696314,-1.641802821,-0.602122846,0,1,173,task,30,0,1610,30,652,0
2,145,234,-2.172035807,-0.292071384,0.928296743,-2.23625805,-1.641311294,-0.588798975,0,1,174,task,30,0,1610,30,652,0
2,145,235,-2.159290527,-0.250425399,0.830576377,-2.180850225,-1.640832738,-0.576004383,0,1,175,task,30,0,1610,30,652,0
2,145,236,-2.153168041,-0.226587736,0.775310627,-2.149781163,-1.64060001,-0.569857949,0,0,,transition,10,0,1610,30,652,0
2,145,237,-2.147044858,-0.202717912,0.720031877,-2.118731216,-1.64036731,-0.563710817,0,1,176,task,10,0,1610,30,652,0
2,145,238,-2.141159228,-0.174230029,0.654796687,-2.082367122,-1.640141175,-0.557801883,0,0,,transition,10,0,1610,30,652,0
2,145,239,-2.135272423,-0.145693506,0.589526898,-2.046016991,-1.639915084,-0.551891773,0,1,177,task,10,0,1610,30,652,0
2,145,240,-2.152155978,-0.185822173,0.682528369,-2.098733036,-1.640160764,-0.568830422,0,0,,transition,10,0,1610,30,652,0
2,145,241,-2.169038688,-0.225847611,0.775453686,-2.151476115,-1.640406483,-0.585768227,0,0,,transition,10,0,1610,30,652,0
2,145,242,-2.185920781,-0.265776729,0.868330767,-2.204267255,-1.640652233,-0.602705415,0,0,,transition,10,0,1610,30,652,0
2,145,243,-2.20280249,-0.305610482,0.961177205,-2.25712311,-1.640898008,-0.619642221,0,0,,transition,10,0,1610,30,652,0
2,145,244,-2.219684067,-0.345345754,1.054004946,-2.310058757,-1.641143798,-0.636578895,0,0,,transition,10,0,1610,30,652,0
2,145,245,-2.236565779,-0.384976144,1.146822719,-2.363089345,-1.641389595,-0.653515705,0,1,178,task,10,0,1610,30,652,0
2,145,246,-2.251977658,-0.414203599,1.219008181,-2.405836957,-1.641773652,-0.668982615,0,1,179,task,30,0,1610,30,652,0
2,145,247,-2.267719254,-0.441531672,1.285794304,-2.44340432,-1.643288506,-0.684808372,0,1,180,task,30,0,1610,30,652,0
2,145,248,-2.283247044,-0.46766129,1.345921117,-2.471244387,-1.647770861,-0.700472316,0,1,181,task,30,0,1610,30,652,0
2,145,249,-2.299679152,-0.492779553,1.405717577,-2.502996586,-1.651487977,-0.717048495,0,1,182,task,30,0,1610,30,652,0
2,145,250,-2.316955953,-0.516729313,1.464103096,-2.536157919,-1.65481824,-0.734487858,0,1,183,task,30,0,1610,30,652,0
2,145,251,-2.334985319,-0.539438607,1.520171149,-2.568428939,-1.65820219,-0.752688369,0,1,184,task,30,0,1610,30,652,0
2,145,252,-2.353927064,-0.560852141,1.575048176,-2.602373226,-1.661297937,-0.771842094,0,1,185,task,30,0,1610,30,652,0
2,145,253,-2.371364279,-0.57837435,1.622662224,-2.635056583,-1.663463418,-0.789522799,0,1,186,task,30,0,1610,30,652,0
2,145,254,-2.392954565,-0.568339894,1.585683926,-2.610113983,-1.663010707,-0.811200895,0,1,187,task,10,0,1610,30,652,0
2,145,255,-2.372328585,-0.54794073,1.531295155,-2.573814091,-1.662469129,-0.790421615,0,1,188,task,30,0,1610,30,652,0
2,145,256,-2.3525932,-0.526289302,1.474679559,-2.536652996,-1.661856506,-0.770539138,0,1,189,task,30,0,1610,30,652,0
2,145,257,-2.333702714,-0.503294555,1.415622363,-2.498502382,-1.661180416,-0.751507753,0,1,190,task,30,0,1610,30,652,0
2,145,258,-2.31698267,-0.478310625,1.356957421,-2.466616804,-1.655941547,-0.734547131,0,1,191,task,30,0,1610,30,652,0
2,145,259,-2.303862516,-0.451107846,1.306582079,-2.459190985,-1.640821015,-0.720990424,0,1,192,task,30,0,1610,30,652,0
2,145,260,-2.286173795,-0.425241652,1.241574432,-2.421402496,-1.643303283,-0.703396571,0,1,193,task,30,0,1610,30,652,0
2,145,261,-2.269175831,-0.397468189,1.172758569,-2.381626405,-1.645879041,-0.686496074,0,1,194,task,30,0,1610,30,652,0
2,145,262,-2.252916515,-0.367466954,1.099376014,-2.339286403,-1.648245479,-0.670320047,0,1,195,task,30,0,1610,30,652,0
2,145,263,-2.271376003,-0.352790592,1.060549425,-2.323488172,-1.652375672,-0.689170728,0,1,196,task,10,0,1610,30,652,0
2,145,264,-2.287412022,-0.383736271,1.136431503,-2.369023698,-1.651349158,-0.70521763,0,1,197,task,30,0,1610,30,652,0
2,145,265,-2.304106565,-0.412254504,1.207459303,-2.412163543,-1.650294106,-0.721922784,0,1,198,task,30,0,1610,30,652,0
2,145,266,-2.320055481,-0.43925355,1.273626481,-2.4513633,-1.654215909,-0.738175947,0,1,199,task,30,0,1610,30,652,0
2,145,267,-2.334734503,-0.466067344,1.321296853,-2.452219505,-1.664394378,-0.753072786,0,1,200,task,30,0,1610,30,652,0
2,145,268,-2.353184653,-0.490927081,1.379334565,-2.48180334,-1.664154178,-0.771438524,0,1,201,task,30,0,1610,30,652,0
2,145,269,-2.372519452,-0.514301284,1.437518914,-2.516978639,-1.663613546,-0.790796612,0,1,202,task,30,0,1610,30,652,0
2,145,270,-2.392668762,-0.536355778,1.493174975,-2.551008763,-1.663074679,-0.810970931,0,1,203,task,30,0,1610,30,652,0
2,145,271,-2.413671731,-0.557190391,1.546524677,-2.584019084,-1.662535875,-0.832000707,0,1,204,task,30,0,1610,30,652,0
2,145,272,-2.41373584,-0.557250931,1.546680895,-2.584116346,-1.662534262,-0.832064899,0,1,205,task,30,0,1610,30,652,0
2,145,273,-2.43373212,-0.54505978,1.505583844,-2.557044594,-1.662038326,-0.852138984,0,1,206,task,10,0,1610,30,652,0
2,145,274,-2.412715269,-0.523765485,1.45246897,-2.525315532,-1.66259863,-0.831118731,0,1,207,task,30,0,1610,30,652,0
2,145,275,-2.392514926,-0.501237751,1.396940195,-2.492468579,-1.663181761,-0.810916204,0,1,208,task,30,0,1610,30,652,0
2,145,276,-2.373206757,-0.477359932,1.340547657,-2.462528573,-1.663452213,-0.791665431,0,1,209,task,30,0,1610,30,652,0
2,145,277,-2.355369228,-0.452122164,1.288118241,-2.446578202,-1.661332567,-0.77395737,0,1,210,task,30,0,1610,30,652,0
2,145,278,-2.338918739,-0.425665573,1.229194656,-2.420263106,-1.656606677,-0.757264544,0,1,211,task,30,0,1610,30,652,0
2,145,279,-2.322743742,-0.397791447,1.162446126,-2.382107676,-1.653068389,-0.740810072,0,1,212,task,30,0,1610,30,652,0
2,145,280,-2.307020561,-0.367889763,1.090389998,-2.339573212,-1.650112678,-0.724838683,0,1,213,task,30,0,1610,30,652,0
2,145,281,-2.290787295,-0.335830803,1.012879871,-2.293918288,-1.651306844,-0.708610012,0,1,214,task,30,0,1610,30,652,0
2,145,282,-2.307607275,-0.312099946,0.949138985,-2.254082575,-1.650055399,-0.725423912,0,1,215,task,10,0,1610,30,652,0
2,145,283,-2.322914111,-0.34638416,1.030101605,-2.301314347,-1.652502219,-0.740947872,0,1,216,task,30,0,1610,30,652,0
2,145,284,-2.339028338,-0.37767608,1.105182355,-2.345900773,-1.65412282,-0.757241807,0,1,217,task,30,0,1610,30,652,0
2,145,285,-2.355598218,-0.40666487,1.174037478,-2.385124869,-1.65630541,-0.774010878,0,1,218,task,30,0,1610,30,652,0
2,145,286,-2.372703613,-0.43376116,1.238145148,-2.420717784,-1.65883353,-0.791325538,0,1,219,task,30,0,1610,30,652,0
2,145,287,-2.390281204,-0.45947103,1.294391463,-2.444072962,-1.661913912,-0.8089928,0,1,220,task,30,0,1610,30,652,0
2,145,288,-2.409345855,-0.483840656,1.349083273,-2.46863548,-1.662256712,-0.827959214,0,1,221,task,30,0,1610,30,652,0
2,145,289,-2.429292514,-0.50698898,1.402840794,-2.4957733,-1.6621638,-0.847826856,0,1,222,task,30,0,1610,30,652,0
2,145,290,-2.450175296,-0.528925679,1.455572566,-2.525108682,-1.66159536,-0.86866159,0,1,223,task,30,0,1610,30,652,0
2,145,291,-2.452968599,-0.531712094,1.462302962,-2.528866001,-1.661526729,-0.871448531,0,1,224,task,30,0,1610,30,652,0
2,145,292,-2.471471269,-0.517144551,1.416723423,-2.499531936,-1.661002904,-0.890019732,0,1,225,task,10,0,1610,30,652,0
2,145,293,-2.450716038,-0.494925273,1.367422705,-2.478560513,-1.661035766,-0.869450996,0,1,226,task,30,0,1610,30,652,0
2,145,294,-2.430769701,-0.471615727,1.313760658,-2.451797809,-1.66081735,-0.849553491,0,1,227,task,30,0,1610,30,652,0
2,145,295,-2.411752315,-0.447004253,1.257659667,-2.424336354,-1.659874968,-0.830527527,0,1,228,task,30,0,1610,30,652,0
2,145,296,-2.393745405,-0.420988301,1.199035303,-2.39640019,-1.657768611,-0.812423263,0,1,229,task,30,0,1610,30,652,0
2,145,297,-2.376228779,-0.393358615,1.133331657,-2.358782691,-1.656169061,-0.794736469,0,1,230,task,30,0,1610,30,652,0
2,145,298,-2.359338717,-0.363605504,1.063263961,-2.319046922,-1.654582142,-0.777681828,0,1,231,task,30,0,1610,30,652,0
2,145,299,-2.342921655,-0.331393501,0.987011202,-2.274701715,-1.653478737,-0.761120252,0,1,232,task,30,0,1610,30,652,0
2,145,300,-2.327051133,-0.295997281,0.903737007,-2.226259573,-1.652520648,-0.745115544,0,1,233,task,30,0,1610,30,652,0
2,145,301,-2.339741723,-0.265858009,0.817344483,-2.169367814,-1.655534269,-0.75804098,0,1,234,task,10,0,1610,30,652,0
2,145,302,-2.355613365,-0.303771023,0.906064208,-2.219985773,-1.656184947,-0.774017067,0,1,235,task,30,0,1610,30,652,0
2,145,303,-2.372053933,-0.337772657,0.986550431,-2.266363474,-1.656835816,-0.790565362,0,1,236,task,30,0,1610,30,652,0
2,145,304,-2.389087107,-0.368696629,1.060629307,-2.309497371,-1.657485014,-0.807709756,0,1,237,task,30,0,1610,30,652,0
2,145,305,-2.406737186,-0.397095348,1.129511531,-2.350049906,-1.658130423,-0.825474759,0,1,238,task,30,0,1610,30,652,0
2,145,306,-2.425028488,-0.42340992,1.193920488,-2.388134578,-1.658767019,-0.843880271,0,1,239,task,30,0,1610,30,652,0
2,145,307,-2.443960219,-0.448827706,1.252681973,-2.418779175,-1.659412012,-0.862851093,0,1,240,task,30,0,1610,30,652,0
2,145,308,-2.463442694,-0.473040441,1.307916628,-2.446636101,-1.660487597,-0.882371661,0,1,241,task,30,0,1610,30,652,0
2,145,309,-2.484031998,-0.495830161,1.363182471,-2.479709148,-1.660270547,-0.903027254,0,1,242,task,30,0,1610,30,652,0
2,145,310,-2.489431702,-0.501393054,1.377056633,-2.488518803,-1.660077076,-0.908446618,0,1,243,task,30,0,1610,30,652,0
2,145,311,-2.506580103,-0.484642095,1.326734954,-2.456475538,-1.659343011,-0.925647246,0,1,244,task,10,0,1610,30,652,0
2,145,312,-2.485961167,-0.46273591,1.272863344,-2.425337864,-1.659313724,-0.904992207,0,1,245,task,30,0,1610,30,652,0
2,145,313,-2.466285652,-0.439449612,1.215139659,-2.390628689,-1.658382117,-0.885179782,0,1,246,task,30,0,1610,30,652,0
2,145,314,-2.447276726,-0.414456007,1.153965793,-2.35428776,-1.657445327,-0.86603888,0,1,247,task,30,0,1610,30,652,0
2,145,315,-2.428911744,-0.387518935,1.08882685,-2.316031495,-1.656506284,-0.847546555,0,1,248,task,30,0,1610,30,652,0
2,145,316,-2.41116811,-0.358320751,1.019028846,-2.275478795,-1.655567566,-0.829679922,0,1,249,task,30,0,1610,30,652,0
2,145,317,-2.394023436,-0.326419275,0.943604795,-2.232100219,-1.654631441,-0.812416301,0,1,250,task,30,0,1610,30,652,0
2,145,318,-2.377455645,-0.291170172,0.86114515,-2.185126055,-1.653699891,-0.795733341,0,1,251,task,30,0,1610,30,652,0
2,145,319,-2.361443077,-0.251573075,0.769461281,-2.133363689,-1.652774633,-0.779609116,0,1,252,task,30,0,1610,30,652,0
2,145,320,-2.300624379,-0.353052069,0.831102721,-2.090089558,-1.646468892,-0.719639184,0,0,,transition,10,0,1610,30,652,0
2,145,321,-2.23980568,-0.454531064,0.892744161,-2.046815429,-1.64016315,-0.659669252,0,0,,transition,10,0,1610,30,652,0
2,145,322,-2.178986982,-0.556010058,0.954385601,-2.003541298,-1.63385741,-0.59969932,0,0,,transition,10,0,1610,30,652,0
2,145,323,-2.118168283,-0.657489052,1.01602704,-1.960267169,-1.627551669,-0.539729388,0,0,,transition,10,0,1610,30,652,0
2,145,324,-2.057349585,-0.758968046,1.077668481,-1.916993039,-1.621245928,-0.479759456,0,0,,transition,10,0,1610,30,652,0
2,145,325,-1.996530887,-0.860447041,1.13930992,-1.873718909,-1.614940187,-0.419789524,0,0,,transition,10,0,1610,30,652,0
2,145,326,-1.935712189,-0.961926035,1.200951361,-1.830444779,-1.608634446,-0.359819592,0,0,,transition,10,0,1610,30,652,0
2,145,327,-1.874893491,-1.063405029,1.2625928,-1.78717065,-1.602328705,-0.29984966,0,0,,transition,10,0,1610,30,652,0
2,145,328,-1.814074793,-1.164884023,1.32423424,-1.743896519,-1.596022964,-0.239879728,0,0,,transition,10,0,1610,30,652,0
2,145,329,-1.753256094,-1.266363018,1.38587568,-1.70062239,-1.589717223,-0.179909796,0,0,,transition,10,0,1610,30,652,0
2,145,330,-1.692437396,-1.367842011,1.44751712,-1.65734826,-1.583411482,-0.119939864,0,0,,transition,10,0,1610,30,652,0
2,145,331,-1.631618698,-1.469321006,1.50915856,-1.61407413,-1.577105741,-0.059969932,0,0,,transition,10,0,1610,30,652,0
2,145,332,-1.5708,-1.5708,1.5708,-1.5708,-1.5708,0,0,0,,home,30,0,1610,30,652,0
2,146,1,-1.5708,-1.5708,1.5708,-1.5708,-1.5708,0,0,0,,home,30,0,1610,30,652,0
2,146,2,-1.630919378,-1.473656806,1.559854122,-1.651767252,-1.571362539,-0.058761266,0,0,,transition,10,0,1610,30,652,0
2,146,3,-1.691038755,-1.376513612,1.548908244,-1.732734503,-1.571925079,-0.117522531,0,0,,transition,10,0,1610,30,652,0
2,146,4,-1.751158132,-1.279370417,1.537962366,-1.813701755,-1.572487618,-0.176283797,0,0,,transition,10,0,1610,30,652,0
2,146,5,-1.81127751,-1.182227223,1.527016488,-1.894669006,-1.573050157,-0.235045062,0,0,,transition,10,0,1610,30,652,0
2,146,6,-1.871396888,-1.08508403,1.51607061,-1.975636258,-1.573612697,-0.293806328,0,0,,transition,10,0,1610,30,652,0
2,146,7,-1.931516265,-0.987940836,1.505124732,-2.056603509,-1.574175236,-0.352567593,0,0,,transition,10,0,1610,30,652,0
2,146,8,-1.991635643,-0.890797641,1.494178854,-2.137570761,-1.574737775,-0.411328859,0,0,,transition,10,0,1610,30,652,0
2,146,9,-2.051755021,-0.793654447,1.483232975,-2.218538012,-1.575300315,-0.470090124,0,0,,transition,10,0,1610,30,652,0
2,146,10,-2.111874397,-0.696511253,1.472287098,-2.299505264,-1.575862854,-0.52885139,0,0,,transition,10,0,1610,30,652,0
2,146,11,-2.171993775,-0.599368059,1.461341219,-2.380472515,-1.576425394,-0.587612655,0,0,,transition,10,0,1610,30,652,0
2,146,12,-2.232113153,-0.502224865,1.450395342,-2.461439767,-1.576987933,-0.646373921,0,1,1,task,10,0,1610,30,652,0
2,146,13,-2.216406544,-0.477073114,1.389372345,-2.429565887,-1.573514477,-0.630851877,0,1,2,task,30,0,1610,30,652,0
2,146,14,-2.201091558,-0.450755908,1.326655704,-2.398639162,-1.571134635,-0.615718542,0,1,3,task,30,0,1610,30,652,0
2,146,15,-2.185959149,-0.4232902,1.262678457,-2.370001453,-1.570495569,-0.600763553,0,1,4,task,30,0,1610,30,652,0
2,146,16,-2.171277129,-0.394200737,1.191956037,-2.332150862,-1.570583379,-0.586151241,0,1,5,task,30,0,1610,30,652,0
2,146,17,-2.157469176,-0.362972615,1.117135819,-2.292451709,-1.569857107,-0.57241482,0,1,6,task,30,0,1610,30,652,0
2,146,18,-2.144694251,-0.328672131,1.033349405,-2.242613019,-1.567506074,-0.55966132,0,1,7,task,30,0,1610,30,652,0
2,146,19,-2.132734996,-0.290885765,0.942728002,-2.189578743,-1.564141926,-0.547738617,0,1,8,task,30,0,1610,30,652,0
2,146,20,-2.127097185,-0.269767728,0.892869244,-2.160812382,-1.562113236,-0.542126058,0,0,,transition,10,0,1610,30,652,0
2,146,21,-2.121458163,-0.248636976,0.843036527,-2.13208491,-1.560084503,-0.536512274,0,1,9,task,10,0,1610,30,652,0
2,146,22,-2.116553735,-0.224512829,0.787563178,-2.101218297,-1.556099717,-0.531670896,0,0,,transition,10,0,1610,30,652,0
2,146,23,-2.111648418,-0.200373204,0.732116305,-2.070394234,-1.552114973,-0.526828563,0,1,10,task,10,0,1610,30,652,0
2,146,24,-2.106900443,-0.172271407,0.668777429,-2.036886766,-1.548297515,-0.522157404,0,0,,transition,10,0,1610,30,652,0
2,146,25,-2.102150479,-0.144141592,0.60544849,-2.003417809,-1.544480228,-0.517484195,0,1,11,task,10,0,1610,30,652,0
2,146,26,-2.12167917,-0.12716126,0.563583973,-1.974644313,-1.553807601,-0.53683121,0,1,12,task,10,0,1610,30,652,0
2,146,27,-2.126088708,-0.157449837,0.631796252,-2.012362082,-1.559618511,-0.541159703,0,0,,transition,10,0,1610,30,652,0
2,146,28,-2.130497032,-0.187748191,0.700110047,-2.050172931,-1.56542943,-0.54548685,0,1,13,task,10,0,1610,30,652,0
2,146,29,-2.136359801,-0.212656814,0.758047211,-2.083255378,-1.566360221,-0.551339452,0,0,,transition,10,0,1610,30,652,0
2,146,30,-2.142220287,-0.237564686,0.816046796,-2.11640102,-1.567290936,-0.557189769,0,1,14,task,10,0,1610,30,652,0
2,146,31,-2.148425806,-0.259095055,0.86691724,-2.145794699,-1.567865182,-0.563389017,0,0,,transition,10,0,1610,30,652,0
2,146,32,-2.154629509,-0.28061647,0.917822632,-2.175232284,-1.568439369,-0.569586449,0,1,15,task,10,0,1610,30,652,0
2,146,33,-2.167568913,-0.318893941,1.009664282,-2.22892643,-1.569601797,-0.582513387,0,1,16,task,30,0,1610,30,652,0
2,146,34,-2.181070043,-0.353523217,1.094055422,-2.278842788,-1.570778597,-0.596002159,0,1,17,task,30,0,1610,30,652,0
2,146,35,-2.195166664,-0.385219674,1.172583634,-2.325855502,-1.571970117,-0.610086575,0,1,18,task,30,0,1610,30,652,0
2,146,36,-2.210232306,-0.414310393,1.242916419,-2.362844718,-1.571976378,-0.625077797,0,1,19,task,30,0,1610,30,652,0
2,146,37,-2.22593242,-0.441659481,1.305163515,-2.387725014,-1.572088176,-0.640568452,0,1,20,task,30,0,1610,30,652,0
2,146,38,-2.241535013,-0.468111624,1.366640715,-2.415814205,-1.574891453,-0.655942127,0,1,21,task,30,0,1610,30,652,0
2,146,39,-2.256703504,-0.493867075,1.425859923,-2.443312236,-1.581365819,-0.670802597,0,1,22,task,30,0,1610,30,652,0
2,146,40,-2.270394717,-0.51944864,1.483828877,-2.47216047,-1.594592374,-0.684137032,0,1,23,task,30,0,1610,30,652,0
2,146,41,-2.287239706,-0.542774109,1.545461024,-2.514675739,-1.600434069,-0.701053931,0,1,24,task,30,0,1610,30,652,0
2,146,42,-2.306018532,-0.564480914,1.601783534,-2.548771912,-1.602947744,-0.719748505,0,1,25,task,30,0,1610,30,652,0
2,146,43,-2.319587638,-0.578736918,1.639145167,-2.571376757,-1.604159137,-0.733255116,0,1,26,task,30,0,1610,30,652,0
2,146,44,-2.342619076,-0.566926124,1.605125232,-2.549950808,-1.60552738,-0.756259215,0,1,27,task,10,0,1610,30,652,0
2,146,45,-2.323193635,-0.545431114,1.551414711,-2.519916376,-1.602484461,-0.737000291,0,1,28,task,30,0,1610,30,652,0
2,146,46,-2.304497959,-0.523047153,1.491908931,-2.479787913,-1.599808059,-0.718241363,0,1,29,task,30,0,1610,30,652,0
2,146,47,-2.286833447,-0.499087693,1.430563514,-2.440337901,-1.596574153,-0.700563583,0,1,30,task,30,0,1610,30,652,0
2,146,48,-2.273051891,-0.472565146,1.370269404,-2.408489364,-1.583436914,-0.68707883,0,1,31,task,30,0,1610,30,652,0
2,146,49,-2.258852318,-0.445700152,1.315395011,-2.393405519,-1.573734654,-0.673436995,0,1,32,task,30,0,1610,30,652,0
2,146,50,-2.242321644,-0.419249626,1.258756327,-2.378219549,-1.573934905,-0.657214573,0,1,33,task,30,0,1610,30,652,0
2,146,51,-2.226781537,-0.390881172,1.186960518,-2.334622943,-1.572985969,-0.641685052,0,1,34,task,30,0,1610,30,652,0
2,146,52,-2.211897802,-0.360185414,1.110627349,-2.28883886,-1.57205391,-0.626811878,0,1,35,task,30,0,1610,30,652,0
2,146,53,-2.197634114,-0.326726826,1.028782159,-2.240326403,-1.571138238,-0.612558698,0,1,36,task,30,0,1610,30,652,0
2,146,54,-2.183956381,-0.289872433,0.940020289,-2.188312279,-1.570238448,-0.598891397,0,1,37,task,30,0,1610,30,652,0
2,146,55,-2.170832628,-0.248647487,0.842191436,-2.131619456,-1.569354018,-0.585777982,0,1,38,task,30,0,1610,30,652,0
2,146,56,-2.1645338,-0.225032895,0.786918645,-2.099924989,-1.568919254,-0.579484268,0,0,,transition,10,0,1610,30,652,0
2,146,57,-2.158232866,-0.201416838,0.731702368,-2.068288504,-1.568484422,-0.573188449,0,1,39,task,10,0,1610,30,652,0
2,146,58,-2.152182435,-0.173214828,0.666617358,-2.031376807,-1.568056826,-0.56714307,0,0,,transition,10,0,1610,30,652,0
2,146,59,-2.146128983,-0.145034727,0.60165534,-1.994566199,-1.567629133,-0.561094672,0,1,40,task,10,0,1610,30,652,0
2,146,60,-2.140314357,-0.108280364,0.518059858,-1.947703388,-1.567208465,-0.555285032,0,0,,transition,10,0,1610,30,652,0
2,146,61,-2.13449462,-0.071668652,0.434889531,-1.901123095,-1.56678763,-0.549470283,0,1,41,task,10,0,1610,30,652,0
2,146,62,-2.148242428,-0.110272935,0.525831401,-1.9557146,-1.570113243,-0.563236322,0,0,,transition,10,0,1610,30,652,0
2,146,63,-2.161986746,-0.149093809,0.61738296,-2.010699767,-1.573438368,-0.576998866,0,0,,transition,10,0,1610,30,652,0
2,146,64,-2.175728026,-0.188020988,0.709310915,-2.065955556,-1.576763042,-0.590758368,0,0,,transition,10,0,1610,30,652,0
2,146,65,-2.189466714,-0.226991798,0.80148854,-2.121417887,-1.580087293,-0.604515273,0,0,,transition,10,0,1610,30,652,0
2,146,66,-2.203203252,-0.265966335,0.893841494,-2.177052308,-1.583411151,-0.618270025,0,0,,transition,10,0,1610,30,652,0
2,146,67,-2.216938087,-0.304916232,0.986323635,-2.232841025,-1.586734636,-0.632023072,0,0,,transition,10,0,1610,30,652,0
2,146,68,-2.230671684,-0.343818994,1.078905146,-2.288776712,-1.590057768,-0.645774878,0,0,,transition,10,0,1610,30,652,0
2,146,69,-2.244404529,-0.382654791,1.171566271,-2.344859437,-1.593380566,-0.659525932,0,1,42,task,10,0,1610,30,652,0
2,146,70,-2.260838178,-0.410669711,1.242375513,-2.386747705,-1.591979501,-0.675933671,0,1,43,task,30,0,1610,30,652,0
2,146,71,-2.277981107,-0.436672766,1.309300598,-2.426728017,-1.59062665,-0.693051264,0,1,44,task,30,0,1610,30,652,0
2,146,72,-2.293438621,-0.463268726,1.339515322,-2.384922104,-1.596491456,-0.707150033,0,1,45,task,10,0,1610,30,652,0
2,146,73,-2.310883274,-0.488856582,1.403283199,-2.424572884,-1.59891153,-0.724592496,0,1,46,task,30,0,1610,30,652,0
2,146,74,-2.329118147,-0.512936278,1.464228047,-2.462998046,-1.601334533,-0.742830232,0,1,47,task,30,0,1610,30,652,0
2,146,75,-2.348188708,-0.535636598,1.522649855,-2.500374872,-1.603757689,-0.761909219,0,1,48,task,30,0,1610,30,652,0
2,146,76,-2.36484247,-0.554220693,1.569124634,-2.527441054,-1.606830216,-0.778458289,0,1,49,task,30,0,1610,30,652,0
2,146,77,-2.386274816,-0.540578262,1.531091586,-2.503835162,-1.608069875,-0.799869142,0,1,50,task,10,0,1610,30,652,0
2,146,78,-2.36245978,-0.519769905,1.48634253,-2.496226385,-1.618029131,-0.776815617,0,1,51,task,10,0,1610,30,652,0
2,146,79,-2.341685028,-0.497611086,1.432714095,-2.470569045,-1.62138135,-0.756347219,0,1,52,task,30,0,1610,30,652,0
2,146,80,-2.321709023,-0.474222321,1.376600225,-2.443539802,-1.625017991,-0.736674036,0,1,53,task,30,0,1610,30,652,0
2,146,81,-2.304363192,-0.448768206,1.320845404,-2.42233013,-1.622790918,-0.719642114,0,1,54,task,30,0,1610,30,652,0
2,146,82,-2.289115121,-0.42204177,1.261310357,-2.396706406,-1.615762536,-0.704495474,0,1,55,task,30,0,1610,30,652,0
2,146,83,-2.272890678,-0.394629711,1.192832447,-2.356098487,-1.614164314,-0.688262897,0,1,56,task,30,0,1610,30,652,0
2,146,84,-2.257319176,-0.365080337,1.120148622,-2.313497229,-1.612601162,-0.672684437,0,1,57,task,30,0,1610,30,652,0
2,146,85,-2.277281169,-0.347872732,1.075797027,-2.287767522,-1.612164629,-0.692664805,0,1,58,task,10,0,1610,30,652,0
2,146,86,-2.292961178,-0.378354303,1.149794065,-2.330555568,-1.613995929,-0.708352348,0,1,59,task,30,0,1610,30,652,0
2,146,87,-2.309277548,-0.406561194,1.219236738,-2.371147569,-1.615867556,-0.724677335,0,1,60,task,30,0,1610,30,652,0
2,146,88,-2.325564614,-0.433524582,1.28253741,-2.403999411,-1.620057656,-0.740929352,0,1,61,task,30,0,1610,30,652,0
2,146,89,-2.341514829,-0.459961426,1.339757866,-2.427593883,-1.627474349,-0.756747734,0,1,62,task,30,0,1610,30,652,0
2,146,90,-2.360054214,-0.484239734,1.399975108,-2.463605508,-1.628837191,-0.775290583,0,1,63,task,30,0,1610,30,652,0
2,146,91,-2.379689582,-0.5069413,1.458283055,-2.500397374,-1.629271859,-0.794955973,0,1,64,task,30,0,1610,30,652,0
2,146,92,-2.40017467,-0.528300829,1.514090069,-2.536088711,-1.629699821,-0.815473387,0,1,65,task,30,0,1610,30,652,0
2,146,93,-2.400446075,-0.528569435,1.514798316,-2.536544878,-1.629705315,-0.815745227,0,1,66,task,30,0,1610,30,652,0
2,146,94,-2.420609901,-0.514818169,1.473653756,-2.510344727,-1.630106314,-0.835940338,0,1,67,task,10,0,1610,30,652,0
2,146,95,-2.400068011,-0.493015112,1.417591195,-2.47481445,-1.62970461,-0.815364423,0,1,68,task,30,0,1610,30,652,0
2,146,96,-2.380349225,-0.469826378,1.358878563,-2.438076412,-1.629293701,-0.795613877,0,1,69,task,30,0,1610,30,652,0
2,146,97,-2.362745506,-0.44465618,1.301226649,-2.409225755,-1.624528652,-0.7780823,0,1,70,task,30,0,1610,30,652,0
2,146,98,-2.345923749,-0.418023387,1.241115885,-2.380106627,-1.619443138,-0.761325685,0,1,71,task,30,0,1610,30,652,0
2,146,99,-2.329282428,-0.390451713,1.176089739,-2.345151067,-1.615927716,-0.744701776,0,1,72,task,30,0,1610,30,652,0
2,146,100,-2.312922606,-0.361395625,1.105637748,-2.304677042,-1.61364926,-0.728332741,0,1,73,task,30,0,1610,30,652,0
2,146,101,-2.297179854,-0.329908699,1.03024236,-2.26178641,-1.61141923,-0.712581591,0,1,74,task,30,0,1610,30,652,0
2,146,102,-2.313912379,-0.303974628,0.966776929,-2.226566353,-1.609513783,-0.729328953,0,1,75,task,10,0,1610,30,652,0
2,146,103,-2.329522472,-0.337157314,1.0448483,-2.269940547,-1.612380852,-0.744949228,0,1,76,task,30,0,1610,30,652,0
2,146,104,-2.345720209,-0.367630078,1.117315492,-2.310534555,-1.615309592,-0.761157065,0,1,77,task,30,0,1610,30,652,0
2,146,105,-2.362455002,-0.396154891,1.184781797,-2.347648937,-1.6185373,-0.777890757,0,1,78,task,30,0,1610,30,652,0
2,146,106,-2.379626884,-0.42356699,1.24750719,-2.379975087,-1.622431008,-0.795027971,0,1,79,task,30,0,1610,30,652,0
2,146,107,-2.397435557,-0.44939805,1.306959984,-2.410775304,-1.626450808,-0.812793142,0,1,80,task,30,0,1610,30,652,0
2,146,108,-2.416085112,-0.473748871,1.363987348,-2.441376246,-1.630033202,-0.831404392,0,1,81,task,30,0,1610,30,652,0
2,146,109,-2.436503901,-0.49628581,1.420927112,-2.477081704,-1.630407833,-0.85185907,0,1,82,task,30,0,1610,30,652,0
2,146,110,-2.440030433,-0.499954236,1.430274105,-2.482985641,-1.630469716,-0.855391884,0,1,83,task,30,0,1610,30,652,0
2,146,111,-2.458731168,-0.483908038,1.384533825,-2.454411837,-1.630798361,-0.874123258,0,1,84,task,10,0,1610,30,652,0
2,146,112,-2.438639554,-0.460882725,1.328627395,-2.421547616,-1.629005809,-0.854022623,0,1,85,task,30,0,1610,30,652,0
2,146,113,-2.419779022,-0.436269696,1.271280188,-2.390639583,-1.625603121,-0.83518972,0,1,86,task,30,0,1610,30,652,0
2,146,114,-2.401583668,-0.410155039,1.210828076,-2.358283146,-1.622299426,-0.817018667,0,1,87,task,30,0,1610,30,652,0
2,146,115,-2.384027991,-0.382338108,1.146834895,-2.324232357,-1.619093615,-0.799483246,0,1,88,task,30,0,1610,30,652,0
2,146,116,-2.367244547,-0.353021693,1.078855326,-2.287745259,-1.615370464,-0.782702027,0,1,89,task,30,0,1610,30,652,0
2,146,117,-2.351186983,-0.321795002,1.006137802,-2.248506489,-1.611178859,-0.766631877,0,1,90,task,30,0,1610,30,652,0
2,146,118,-2.335685999,-0.287733105,0.927486842,-2.206320352,-1.607074029,-0.751115635,0,1,91,task,30,0,1610,30,652,0
2,146,119,-2.349155089,-0.250823892,0.840419552,-2.15914727,-1.603721061,-0.764583115,0,1,92,task,10,0,1610,30,652,0
2,146,120,-2.365283598,-0.287994876,0.927229353,-2.20828731,-1.605199424,-0.780726301,0,1,93,task,30,0,1610,30,652,0
2,146,121,-2.380688774,-0.321469462,1.002690922,-2.246491467,-1.61148543,-0.796157481,0,1,94,task,30,0,1610,30,652,0
2,146,122,-2.396395659,-0.352497132,1.072261731,-2.281141869,-1.618667446,-0.811885754,0,1,95,task,30,0,1610,30,652,0
2,146,123,-2.413140855,-0.382209483,1.139586862,-2.317331446,-1.624148957,-0.828683973,0,1,96,task,30,0,1610,30,652,0
2,146,124,-2.4304789,-0.409977622,1.20284286,-2.351611261,-1.629696821,-0.846083825,0,1,97,task,30,0,1610,30,652,0
2,146,125,-2.448433156,-0.436061163,1.262597002,-2.384302102,-1.635308569,-0.864110775,0,1,98,task,30,0,1610,30,652,0
2,146,126,-2.462191488,-0.463379691,1.327747782,-2.433808353,-1.657216833,-0.879136276,0,1,99,task,10,0,1610,30,652,0
2,146,127,-2.467986629,-0.471291794,1.347147043,-2.447565699,-1.660132091,-0.885171723,0,1,100,task,30,0,1610,30,652,0
2,146,128,-2.485492221,-0.453948787,1.297167243,-2.416496796,-1.660102435,-0.902747357,0,1,101,task,10,0,1610,30,652,0
2,146,129,-2.465752858,-0.429207899,1.237675607,-2.378721688,-1.65805646,-0.882772607,0,1,102,task,30,0,1610,30,652,0
2,146,130,-2.492973946,-0.423695563,1.218181441,-2.369849638,-1.659708113,-0.910317818,0,1,103,task,10,0,1610,30,652,0
2,146,131,-2.502346061,-0.43512136,1.244280318,-2.383946089,-1.660047956,-0.919668501,0,1,104,task,30,0,1610,30,652,0
2,146,132,-2.518572696,-0.414663557,1.188179566,-2.349754701,-1.659971486,-0.935959746,0,1,105,task,10,0,1610,30,652,0
2,146,133,-2.498724387,-0.388863562,1.130380681,-2.319704777,-1.659056395,-0.916183455,0,1,106,task,30,0,1610,30,652,0
2,146,134,-2.522332289,-0.376591872,1.093827806,-2.296673626,-1.659104651,-0.939850003,0,1,107,task,10,0,1610,30,652,0
2,146,135,-2.534196484,-0.392388822,1.128466664,-2.313712798,-1.659875609,-0.9516455,0,1,108,task,30,0,1610,30,652,0
2,146,136,-2.54924143,-0.3680529,1.0646147,-2.275539692,-1.65976268,-0.966749835,0,1,109,task,10,0,1610,30,652,0
2,146,137,-2.529931696,-0.340550041,1.006075909,-2.249450325,-1.657877281,-0.947621794,0,1,110,task,30,0,1610,30,652,0
2,146,138,-2.549867881,-0.320827141,0.954834441,-2.221241021,-1.657085945,-0.967686026,0,1,111,task,10,0,1610,30,652,0
2,146,139,-2.563731079,-0.341326577,0.995908948,-2.234851857,-1.659634831,-0.981296368,0,1,112,task,30,0,1610,30,652,0
2,146,140,-2.57768841,-0.311749561,0.921346371,-2.191108534,-1.659493999,-0.995308157,0,1,113,task,10,0,1610,30,652,0
2,146,141,-2.559818792,-0.283276762,0.866738346,-2.178299176,-1.653384294,-0.977809814,0,1,114,task,30,0,1610,30,652,0
2,146,142,-2.483740424,-0.382317011,0.920896935,-2.131568471,-1.647031656,-0.902593675,0,0,,transition,10,0,1610,30,652,0
2,146,143,-2.407662055,-0.48135726,0.975055524,-2.084837765,-1.640679019,-0.827377535,0,0,,transition,10,0,1610,30,652,0
2,146,144,-2.331583687,-0.580397509,1.029214112,-2.038107059,-1.63432638,-0.752161396,0,0,,transition,10,0,1610,30,652,0
2,146,145,-2.255505317,-0.679437758,1.083372701,-1.991376353,-1.627973743,-0.676945256,0,0,,transition,10,0,1610,30,652,0
2,146,146,-2.179426948,-0.778478008,1.13753129,-1.944645647,-1.621621104,-0.601729117,0,0,,transition,10,0,1610,30,652,0
2,146,147,-2.10334858,-0.877518257,1.191689878,-1.897914941,-1.615268466,-0.526512977,0,0,,transition,10,0,1610,30,652,0
2,146,148,-2.027270211,-0.976558506,1.245848467,-1.851184235,-1.608915829,-0.451296837,0,0,,transition,10,0,1610,30,652,0
2,146,149,-1.951191843,-1.075598755,1.300007056,-1.804453529,-1.60256319,-0.376080698,0,0,,transition,10,0,1610,30,652,0
2,146,150,-1.875113474,-1.174639004,1.354165645,-1.757722824,-1.596210552,-0.300864558,0,0,,transition,10,0,1610,30,652,0
2,146,151,-1.799035106,-1.273679253,1.408324233,-1.710992118,-1.589857914,-0.225648419,0,0,,transition,10,0,1610,30,652,0
2,146,152,-1.722956737,-1.372719501,1.462482822,-1.664261412,-1.583505276,-0.150432279,0,0,,transition,10,0,1610,30,652,0
2,146,153,-1.646878369,-1.471759751,1.516641411,-1.617530706,-1.577152638,-0.07521614,0,0,,transition,10,0,1610,30,652,0
2,146,154,-1.5708,-1.5708,1.5708,-1.5708,-1.5708,0,0,0,,home,30,0,1610,30,652,0
